149494731,https://github.com/k8sland/lab2,k8sland,2018-09-19T18:26:58Z
149496214,https://github.com/Shopify/vouch4cluster,Shopify,2018-09-19T18:39:41Z
149498126,https://github.com/quarno/mangaeden,quarno,2018-09-19T18:57:04Z
149497654,https://github.com/LoginRadius/go-sdk,LoginRadius,2018-09-19T18:52:59Z
149493831,https://github.com/kryptoslogic/snapbackup,kryptoslogic,2018-09-19T18:20:08Z
149491514,https://github.com/climber73/cryptopals,climber73,2018-09-19T18:00:06Z
149496928,https://github.com/bipul2000/biroho,bipul2000,2018-09-19T18:46:08Z
149493588,https://github.com/JohnnyLambda/closedcat,JohnnyLambda,2018-09-19T18:17:53Z
149498393,https://github.com/dckeller/goTreehouse,dckeller,2018-09-19T18:59:40Z
149491989,https://github.com/karthikmail/isacaworkshopchennai,karthikmail,2018-09-19T18:04:12Z
149496567,https://github.com/bazzie/PuppetRun,bazzie,2018-09-19T18:42:48Z
149496994,https://github.com/jefte23/DesenvolvimentoWeb,jefte23,2018-09-19T18:46:44Z
149495981,https://github.com/bipul2000/birohotorrent,bipul2000,2018-09-19T18:37:34Z
149493328,https://github.com/xr1337/hostsafe,xr1337,2018-09-19T18:15:34Z
149498076,https://github.com/hello-spinnaker/hello-ci,hello-spinnaker,2018-09-19T18:56:33Z
149493434,https://github.com/shamag/gopl-ex,shamag,2018-09-19T18:16:37Z