27658826,https://github.com/senthilsweb/inbound-email-processor,senthilsweb,2014-12-07T04:07:01Z
27658692,https://github.com/coffee-n-code/PoliceAccountability,coffee-n-code,2014-12-07T04:01:54Z
27659283,https://github.com/karolkozub/bloody-mess,karolkozub,2014-12-07T04:29:33Z
27659359,https://github.com/shawnchen07/chessgame,shawnchen07,2014-12-07T04:33:11Z
27659156,https://github.com/suwanlee/webapp_2,suwanlee,2014-12-07T04:23:27Z
27659072,https://github.com/amschrader/meteor-ravelry-api,amschrader,2014-12-07T04:19:00Z
27659210,https://github.com/chengxian/Yeoman-Node-Angular-App,chengxian,2014-12-07T04:26:11Z
27659417,https://github.com/shware100/ASP.NET-MVC-WebCRM-Demo-App,shware100,2014-12-07T04:36:21Z
27659483,https://github.com/SandJS/riak,SandJS,2014-12-07T04:39:54Z
27659741,https://github.com/someshchandra/tictactoe,someshchandra,2014-12-07T04:51:59Z
27659177,https://github.com/dai-shi/TestForCodeOnMobile,dai-shi,2014-12-07T04:24:19Z
27659205,https://github.com/jyam/CMPE277_AR_KJSR,jyam,2014-12-07T04:25:58Z
27658887,https://github.com/MoreTorpedoes/ShieldFrequency,MoreTorpedoes,2014-12-07T04:09:57Z
27658836,https://github.com/JoshuaRogan/ResumeV3,JoshuaRogan,2014-12-07T04:07:17Z
27659882,https://github.com/Sarumon1984/mobileFinal,Sarumon1984,2014-12-07T04:57:58Z
27658693,https://github.com/proales/Chrome-Extension-For-Imagur,proales,2014-12-07T04:01:57Z
27658798,https://github.com/pocketly/sand-io,pocketly,2014-12-07T04:05:56Z
27659484,https://github.com/jdevelvis/nerve,jdevelvis,2014-12-07T04:39:56Z
27659505,https://github.com/cmlarsen/garage2.5,cmlarsen,2014-12-07T04:40:44Z
27658781,https://github.com/AkirAssasin/entire-game-on-one-screen-ld-31,AkirAssasin,2014-12-07T04:05:25Z
27659145,https://github.com/SandJS/mysql,SandJS,2014-12-07T04:22:36Z
27659043,https://github.com/kqij/Favatar,kqij,2014-12-07T04:17:49Z
27659107,https://github.com/ryanlabouve/pimber,ryanlabouve,2014-12-07T04:20:47Z
27658722,https://github.com/cloud4s/cloud4s,cloud4s,2014-12-07T04:03:03Z
27659354,https://github.com/sivagao/notes,sivagao,2014-12-07T04:32:58Z
27658962,https://github.com/sglanzer/list-component,sglanzer,2014-12-07T04:13:53Z
27659411,https://github.com/ee7klt/express-yaapa,ee7klt,2014-12-07T04:36:08Z
27659095,https://github.com/georgecode/drinkCounterGC,georgecode,2014-12-07T04:20:08Z
27659226,https://github.com/evancaldwell/ecpoly_old,evancaldwell,2014-12-07T04:26:59Z
27659673,https://github.com/sibson/mailin,sibson,2014-12-07T04:48:12Z