41661556,https://github.com/ChangjunZhao/BaiduPushSDK-golang,ChangjunZhao,2015-08-31T07:20:42Z
41663108,https://github.com/sassy/MusashinoTrainTime,sassy,2015-08-31T07:57:12Z
41661128,https://github.com/fd/go-dht,fd,2015-08-31T07:10:31Z
41661844,https://github.com/slavau/algo-design-and-analysis,slavau,2015-08-31T07:27:34Z
41660932,https://github.com/rizkywingrove/dev,rizkywingrove,2015-08-31T07:05:18Z
41662753,https://github.com/bowwowxx/api,bowwowxx,2015-08-31T07:49:18Z
41661702,https://github.com/aarthi184/priorityqueue,aarthi184,2015-08-31T07:23:45Z
41661651,https://github.com/tgrijalva/lst,tgrijalva,2015-08-31T07:22:47Z
41661952,https://github.com/tpiha/go-bitbucket,tpiha,2015-08-31T07:30:25Z