141706171,https://github.com/michaelbaril/smoothie,michaelbaril,2018-07-20T11:52:18Z
141703500,https://github.com/mostafaznv/larupload,mostafaznv,2018-07-20T11:21:59Z
141698408,https://github.com/sunwaytechclub/sunwaytechclub-site,sunwaytechclub,2018-07-20T10:25:51Z
141696465,https://github.com/DBinaghi/plugin-WikipediaCitations,DBinaghi,2018-07-20T10:05:09Z
141702635,https://github.com/SC-Networks/Hydrator,SC-Networks,2018-07-20T11:12:11Z
141697439,https://github.com/arlly/nginx_laravel,arlly,2018-07-20T10:15:36Z
141698750,https://github.com/ahcmadi/laravel_test,ahcmadi,2018-07-20T10:29:32Z
141697335,https://github.com/opera-project/OperaTextBlockBundle,opera-project,2018-07-20T10:14:28Z
141698984,https://github.com/fariswidhi/laravel-material,fariswidhi,2018-07-20T10:32:04Z
141696375,https://github.com/opengd/op5-ansible-dynamic-inventory,opengd,2018-07-20T10:04:17Z
141706480,https://github.com/zhangzeqiang/php_swoole,zhangzeqiang,2018-07-20T11:55:34Z
141696709,https://github.com/khalidahmada/owpact,khalidahmada,2018-07-20T10:07:40Z
141696056,https://github.com/tws0002/hiphiphip,tws0002,2018-07-20T10:01:18Z
141697726,https://github.com/algeriarocker/wallpaper,algeriarocker,2018-07-20T10:18:39Z
141704238,https://github.com/UnrealSpecter/LilianAnneloes,UnrealSpecter,2018-07-20T11:30:14Z
141703938,https://github.com/dmyr0613/h12-display-board,dmyr0613,2018-07-20T11:26:44Z
141704693,https://github.com/yutaroud/symfonypj,yutaroud,2018-07-20T11:35:16Z
141696901,https://github.com/lettertoamit/Wp-adding-user-link,lettertoamit,2018-07-20T10:09:50Z
141699664,https://github.com/ubaidraza/MUST-Social-Network,ubaidraza,2018-07-20T10:39:18Z
141699837,https://github.com/nghiennet89/learn_magento,nghiennet89,2018-07-20T10:41:13Z
141699878,https://github.com/ib3g/Pointages,ib3g,2018-07-20T10:41:36Z
141699970,https://github.com/grkm16/php,grkm16,2018-07-20T10:42:35Z
141697058,https://github.com/AidanDavidWard/poke-php-test,AidanDavidWard,2018-07-20T10:11:32Z
141698103,https://github.com/pasechnik/modelframework,pasechnik,2018-07-20T10:22:18Z
141703326,https://github.com/khalidkaram/themosis,khalidkaram,2018-07-20T11:20:09Z
141699653,https://github.com/AndryantoDeveloper/mkti,AndryantoDeveloper,2018-07-20T10:39:09Z
141697800,https://github.com/prismistim/score_management,prismistim,2018-07-20T10:19:20Z
141704878,https://github.com/JacksiroKe/QaSmata,JacksiroKe,2018-07-20T11:37:14Z
141696896,https://github.com/ubaidraza/Improvement-Proposal,ubaidraza,2018-07-20T10:09:48Z
141704464,https://github.com/YatanarKhinKhinThiriKoRSM/TAO,YatanarKhinKhinThiriKoRSM,2018-07-20T11:32:49Z
141700139,https://github.com/Vivatool/blog-laravel,Vivatool,2018-07-20T10:44:32Z
141695908,https://github.com/dada-amater/latte-svg,dada-amater,2018-07-20T10:00:03Z
141706524,https://github.com/SiProdZz/P5_DevWeb_Html-Css-PHP-MVC_subway-recrutement,SiProdZz,2018-07-20T11:56:04Z
141697853,https://github.com/petrozavodsky/sxd,petrozavodsky,2018-07-20T10:19:49Z
141706191,https://github.com/nitishpeeroo/calendrier,nitishpeeroo,2018-07-20T11:52:30Z
141705364,https://github.com/AkashInkar/html-1-page,AkashInkar,2018-07-20T11:43:01Z
141702363,https://github.com/vinicius023/laravel,vinicius023,2018-07-20T11:09:15Z
141701961,https://github.com/274348sina/learngit,274348sina,2018-07-20T11:04:41Z
141697106,https://github.com/fikri2992/forumcetif,fikri2992,2018-07-20T10:12:02Z
141699278,https://github.com/qiuquanwu/xkzj,qiuquanwu,2018-07-20T10:35:00Z
141698262,https://github.com/kuntil/minebca,kuntil,2018-07-20T10:24:21Z
141699663,https://github.com/smart-leo/library,smart-leo,2018-07-20T10:39:18Z
141705513,https://github.com/PhumipatSasom/EMDS,PhumipatSasom,2018-07-20T11:45:02Z
141705601,https://github.com/atticlab/api,atticlab,2018-07-20T11:46:03Z
141700017,https://github.com/suga3058162/test-composer,suga3058162,2018-07-20T10:43:12Z
141698056,https://github.com/sellastica/csv,sellastica,2018-07-20T10:21:53Z
141699893,https://github.com/abdulfaqihalm/computerized-maintenance-management-system,abdulfaqihalm,2018-07-20T10:41:51Z
141702202,https://github.com/cristimc8/ROContest,cristimc8,2018-07-20T11:07:13Z
141706516,https://github.com/e-kravchuk/test,e-kravchuk,2018-07-20T11:55:58Z
141703584,https://github.com/lehenshtein/tabit,lehenshtein,2018-07-20T11:22:47Z
141704587,https://github.com/zhenquan98/qr-park,zhenquan98,2018-07-20T11:34:11Z
141700992,https://github.com/noppawongeqx/BLOCKTRADE_PROD,noppawongeqx,2018-07-20T10:54:24Z
141706022,https://github.com/nischayn22/MassPasswordReset,nischayn22,2018-07-20T11:50:42Z
141704572,https://github.com/AmujoDotun/TpiConnect,AmujoDotun,2018-07-20T11:34:03Z
141696081,https://github.com/yannis77/BMS,yannis77,2018-07-20T10:01:34Z
141698348,https://github.com/KoVaLsKy2010/boxberry,KoVaLsKy2010,2018-07-20T10:25:13Z
141699755,https://github.com/griarman/CI_test,griarman,2018-07-20T10:40:22Z
141705684,https://github.com/MaximePinto/JBlain,MaximePinto,2018-07-20T11:47:00Z
141696803,https://github.com/MateuszPon/php_formularz,MateuszPon,2018-07-20T10:08:39Z
141702305,https://github.com/disedit/altea-participa,disedit,2018-07-20T11:08:34Z
141703151,https://github.com/spyke01/Modular-Business-Platform-MBP,spyke01,2018-07-20T11:17:58Z
141706802,https://github.com/kkazmi/itcare-layout,kkazmi,2018-07-20T11:59:26Z
141703566,https://github.com/mihokurashima/test,mihokurashima,2018-07-20T11:22:38Z
141705229,https://github.com/AidanDavidWard/fixer-technical,AidanDavidWard,2018-07-20T11:41:34Z
141700368,https://github.com/FAISAL380/laravel380_1,FAISAL380,2018-07-20T10:46:59Z
141701620,https://github.com/AppleCupper/bitcointest,AppleCupper,2018-07-20T11:00:59Z
141703016,https://github.com/zhangsishui/zhangyu,zhangsishui,2018-07-20T11:16:31Z
141699213,https://github.com/caikeai/qywx,caikeai,2018-07-20T10:34:22Z
141696819,https://github.com/CisManar/commerce,CisManar,2018-07-20T10:08:48Z
141700706,https://github.com/IvanZet/FSWD40-CodeReview14,IvanZet,2018-07-20T10:50:51Z
141702017,https://github.com/KosikVolodymyr/tasks,KosikVolodymyr,2018-07-20T11:05:11Z
141705404,https://github.com/vkop91/users-api,vkop91,2018-07-20T11:43:30Z
141704283,https://github.com/sobambela/MM-Academy,sobambela,2018-07-20T11:30:44Z
141706648,https://github.com/patrickthibaudeau/moodle-format_glendon,patrickthibaudeau,2018-07-20T11:57:28Z
141701976,https://github.com/iatanasov77/my-projects,iatanasov77,2018-07-20T11:04:47Z
141703293,https://github.com/nazrulwazir/vue-spa-laravel,nazrulwazir,2018-07-20T11:19:41Z
141701602,https://github.com/Techworker/pasapi,Techworker,2018-07-20T11:00:46Z
141699986,https://github.com/fearlessforever/test-laravel,fearlessforever,2018-07-20T10:42:45Z
141698014,https://github.com/omi9404/omprakashAnshSyatem,omi9404,2018-07-20T10:21:33Z
141696010,https://github.com/andela/buggy-php,andela,2018-07-20T10:00:58Z
141702219,https://github.com/rnaaim/magento2,rnaaim,2018-07-20T11:07:28Z
141701138,https://github.com/Vinka/Deck,Vinka,2018-07-20T10:55:39Z
141696257,https://github.com/zhangyuqin/practice,zhangyuqin,2018-07-20T10:03:15Z
141702167,https://github.com/sherwin-wayne/saan_may_sale,sherwin-wayne,2018-07-20T11:06:48Z
141702605,https://github.com/nguyentrong1711/magento2,nguyentrong1711,2018-07-20T11:11:50Z
141705561,https://github.com/sharatsawhney/internshala,sharatsawhney,2018-07-20T11:45:33Z
141696060,https://github.com/mkrzymek/symfony_3_udemy,mkrzymek,2018-07-20T10:01:20Z
141699167,https://github.com/Deadline-oneday/Brievey-server,Deadline-oneday,2018-07-20T10:33:59Z
141704581,https://github.com/dipeshss4/pixelnepal,dipeshss4,2018-07-20T11:34:09Z
141700215,https://github.com/lariliel/lection-2018-07-29,lariliel,2018-07-20T10:45:25Z
141701196,https://github.com/wpawlinow/backend-coding-exercise-php,wpawlinow,2018-07-20T10:56:24Z
141703409,https://github.com/moorthichinna/magento,moorthichinna,2018-07-20T11:21:00Z
141696884,https://github.com/jodzon/kataloger,jodzon,2018-07-20T10:09:38Z
141697758,https://github.com/do6po/yii2-short-url-generator,do6po,2018-07-20T10:18:57Z
141705848,https://github.com/atticlab/stellar-php,atticlab,2018-07-20T11:48:49Z
141696622,https://github.com/esorthapa/magento223,esorthapa,2018-07-20T10:06:43Z
141704759,https://github.com/sobambela/The-Falcon,sobambela,2018-07-20T11:35:59Z
141700906,https://github.com/Andrey-Scartazzini/estoque,Andrey-Scartazzini,2018-07-20T10:53:23Z
141703879,https://github.com/vincentking2015/php-wechat,vincentking2015,2018-07-20T11:26:01Z
141699237,https://github.com/eridhobffry/GuelGmbh,eridhobffry,2018-07-20T10:34:38Z
https://github.com/thiovan/CariBuku-Laravel,False,2018-07-20T10:36:13Z
https://github.com/tillprochaska/kirby-plugin-api-helpers,False,2018-07-20T11:25:46Z
https://github.com/faizan1041/wp_event_listing,False,2018-07-20T10:38:35Z
https://github.com/edtan-git/omr-interface,False,2018-07-20T10:45:35Z