58902589,https://github.com/Jpub/GoInAction,Jpub,2016-05-16T04:02:27Z
58903392,https://github.com/cbroglie/go-mustache,cbroglie,2016-05-16T04:21:18Z
58902902,https://github.com/sww1235/Home_Automation_C2-Server,sww1235,2016-05-16T04:09:48Z
58902750,https://github.com/greggroth/square,greggroth,2016-05-16T04:06:32Z
58902536,https://github.com/jeffhsu-sickkids/hello-world,jeffhsu-sickkids,2016-05-16T04:01:21Z
58904223,https://github.com/andreasmaier/cimon_backend,andreasmaier,2016-05-16T04:42:28Z