21369753,https://github.com/theunraveler/todo_by,theunraveler,2014-06-30T23:58:26Z
21369067,https://github.com/lidaa/LidaaGoogleBundle,lidaa,2014-06-30T23:21:27Z
21369077,https://github.com/ahmadpanah/Note-PHP-Cms,ahmadpanah,2014-06-30T23:22:00Z
21369325,https://github.com/gurry81/trotamundos,gurry81,2014-06-30T23:34:53Z
21368656,https://github.com/mickaelandrieu/SOAPServer,mickaelandrieu,2014-06-30T23:01:03Z
21369625,https://github.com/wsaunders1014/angularPress,wsaunders1014,2014-06-30T23:52:23Z