192609845,https://github.com/fiand1996/simple-auth0,fiand1996,2019-06-18T20:41:58Z
192613193,https://github.com/jstnryan/slim-access-log,jstnryan,2019-06-18T21:11:24Z
192615602,https://github.com/samovar/composer-plugin,samovar,2019-06-18T21:35:03Z
192614331,https://github.com/odiseoteam/entrenamiento-sylius,odiseoteam,2019-06-18T21:22:48Z
192614633,https://github.com/scssphp/server,scssphp,2019-06-18T21:25:39Z
192607274,https://github.com/luizsoliveira/sherlock,luizsoliveira,2019-06-18T20:21:02Z
192615222,https://github.com/bondhansarker/Online-Pathology-Billing-System,bondhansarker,2019-06-18T21:31:28Z
192616450,https://github.com/Dusht1298/Myproject,Dusht1298,2019-06-18T21:42:57Z
192608874,https://github.com/APIHub-CdC/evaluaciones-idea-client-php,APIHub-CdC,2019-06-18T20:34:01Z
192605909,https://github.com/chrisca1209/kda,chrisca1209,2019-06-18T20:10:31Z
192612685,https://github.com/howion/DumpLib,howion,2019-06-18T21:06:44Z
192615978,https://github.com/momo404/badut-xlm,momo404,2019-06-18T21:38:30Z
192611283,https://github.com/parz1/phpFinalHW,parz1,2019-06-18T20:54:32Z
192613652,https://github.com/juanberrone/Medicamentos,juanberrone,2019-06-18T21:15:42Z
192614452,https://github.com/abdodeve/DoliSyndic,abdodeve,2019-06-18T21:23:51Z
192609711,https://github.com/Fox4148/MANA-BROKEN,Fox4148,2019-06-18T20:40:47Z
192609779,https://github.com/abodnar/pdfpoc,abodnar,2019-06-18T20:41:23Z
192605720,https://github.com/magabytarv/pruebaEmpleados,magabytarv,2019-06-18T20:09:04Z
192614129,https://github.com/NemanjaJekic/tap_medica_api,NemanjaJekic,2019-06-18T21:20:45Z
192609145,https://github.com/RazvanMR/dajskhdkasjdjpopu,RazvanMR,2019-06-18T20:36:04Z
192614046,https://github.com/divinity76/cli-utils,divinity76,2019-06-18T21:20:01Z
192617108,https://github.com/josedev123/rootswordpress.com,josedev123,2019-06-18T21:49:29Z
192617116,https://github.com/okki23/chat_ci,okki23,2019-06-18T21:49:34Z
192609968,https://github.com/pubbersk/tinko-parser,pubbersk,2019-06-18T20:43:00Z
192610291,https://github.com/barryosull/barryosull.com-lfs,barryosull,2019-06-18T20:45:48Z
192606071,https://github.com/lokodesenfrenado/pokedex,lokodesenfrenado,2019-06-18T20:11:47Z
192608586,https://github.com/D4RKD33VIL/PHP_Carrinho_Compras-master,D4RKD33VIL,2019-06-18T20:31:47Z
192616455,https://github.com/Seorusus/cannabis-farm,Seorusus,2019-06-18T21:43:00Z
192611293,https://github.com/bsh90/Old-PHPTutorial,bsh90,2019-06-18T20:54:39Z
192615877,https://github.com/parikshitgupta1/hotel-management-website,parikshitgupta1,2019-06-18T21:37:45Z
192616558,https://github.com/VitorSimoes/SPD,VitorSimoes,2019-06-18T21:44:10Z
192615216,https://github.com/ReVaNNNNN/PharmaProm,ReVaNNNNN,2019-06-18T21:31:25Z
192606024,https://github.com/BobTadah/MemorialBracelets,BobTadah,2019-06-18T20:11:28Z
192610947,https://github.com/vsskkv/site,vsskkv,2019-06-18T20:51:35Z
192608124,https://github.com/APIHub-CdC/evaluaciones-igh-client-php,APIHub-CdC,2019-06-18T20:27:40Z
192609596,https://github.com/AbderrahimO/Client-Leger,AbderrahimO,2019-06-18T20:39:48Z
192606458,https://github.com/El-Kobby/vouchergen,El-Kobby,2019-06-18T20:14:44Z
192612657,https://github.com/haddock2/testSF4,haddock2,2019-06-18T21:06:28Z
192612672,https://github.com/sas03/Docker,sas03,2019-06-18T21:06:37Z
192617476,https://github.com/solblack/floki,solblack,2019-06-18T21:53:37Z
192617673,https://github.com/DimovDev/javashop,DimovDev,2019-06-18T21:55:49Z
192614190,https://github.com/gabrielgrc78/Site-Dynamite,gabrielgrc78,2019-06-18T21:21:26Z
192606682,https://github.com/LesykAndrii/shop,LesykAndrii,2019-06-18T20:16:44Z
192606486,https://github.com/kac7/Save-files-script,kac7,2019-06-18T20:15:02Z
192612441,https://github.com/mihai-c/theHeroGame,mihai-c,2019-06-18T21:04:54Z
192616006,https://github.com/Alvarez1515/DistribucionOpenRestaurant,Alvarez1515,2019-06-18T21:38:40Z
192608402,https://github.com/almazks/expression-checker,almazks,2019-06-18T20:30:16Z
192608477,https://github.com/APIHub-CdC/evaluaciones-dro-client-php,APIHub-CdC,2019-06-18T20:30:54Z
192611667,https://github.com/presslabs/stack-example-wordpress,presslabs,2019-06-18T20:57:53Z
192616867,https://github.com/MarkCardiff1234/www,MarkCardiff1234,2019-06-18T21:47:11Z
192615239,https://github.com/MercierCorentin/countext,MercierCorentin,2019-06-18T21:31:42Z
192611960,https://github.com/YueGan/TOA-vendor-app,YueGan,2019-06-18T21:00:38Z
192608374,https://github.com/pirogandrej/magento-custom-github,pirogandrej,2019-06-18T20:29:59Z
192607483,https://github.com/jamesoncarrwalker/geo_cache_fun,jamesoncarrwalker,2019-06-18T20:22:40Z
192604596,https://github.com/DreamDreamy/Lazy,DreamDreamy,2019-06-18T20:00:20Z
192614227,https://github.com/frankmckechnie/rapidocharts,frankmckechnie,2019-06-18T21:21:45Z
192612013,https://github.com/webcomcafe/zabbix-dashboard,webcomcafe,2019-06-18T21:01:09Z
192613142,https://github.com/soonerdm/loyalty-vue,soonerdm,2019-06-18T21:10:54Z
192611954,https://github.com/samd2/wordpress1,samd2,2019-06-18T21:00:35Z
192610337,https://github.com/StephaneBranly/Escapegame_Youarille,StephaneBranly,2019-06-18T20:46:12Z
192608218,https://github.com/Jessicammelo/Portal,Jessicammelo,2019-06-18T20:28:28Z
192616120,https://github.com/mikhaylyuk/project61,mikhaylyuk,2019-06-18T21:39:34Z
192606467,https://github.com/larissaromero83/https-github.com-gcalcaterra-viduc-cakephp,larissaromero83,2019-06-18T20:14:49Z
192604777,https://github.com/fernandodaw/Taller1,fernandodaw,2019-06-18T20:01:45Z
192610377,https://github.com/Barinovv/Diplom,Barinovv,2019-06-18T20:46:28Z
192610444,https://github.com/gravytates/hello-laravel,gravytates,2019-06-18T20:47:08Z
192616330,https://github.com/Lorraine1015/learny,Lorraine1015,2019-06-18T21:41:40Z
192616845,https://github.com/fabiobap/symfony-api-consultorio,fabiobap,2019-06-18T21:46:59Z
192605721,https://github.com/lsmj/phrint,lsmj,2019-06-18T20:09:04Z
192614336,https://github.com/PPredrag/Shopping-Cart,PPredrag,2019-06-18T21:22:50Z
192617060,https://github.com/Gleysson/api-news,Gleysson,2019-06-18T21:49:03Z
192616855,https://github.com/Borduhh/php-mvc-framework,Borduhh,2019-06-18T21:47:04Z
192605212,https://github.com/Andresf200/BPA,Andresf200,2019-06-18T20:05:01Z
192607110,https://github.com/judsoncabral/WEB,judsoncabral,2019-06-18T20:19:55Z
192604567,https://github.com/AnkitKumar82/chat-website,AnkitKumar82,2019-06-18T20:00:08Z
192616358,https://github.com/nambisembilu/cardiopulmonary,nambisembilu,2019-06-18T21:41:58Z
192612267,https://github.com/netpay-ecommerce/netpay-donaciones,netpay-ecommerce,2019-06-18T21:03:15Z
192608309,https://github.com/prbarg/CakePHP_MySQL,prbarg,2019-06-18T20:29:22Z
192614324,https://github.com/iget-esoares/console-test,iget-esoares,2019-06-18T21:22:42Z
192608631,https://github.com/lomelisan/barberent-api,lomelisan,2019-06-18T20:32:06Z
192610612,https://github.com/netpay-ecommerce/netpay-woocommerce,netpay-ecommerce,2019-06-18T20:48:35Z
192609233,https://github.com/leslitaS/phpDesafio,leslitaS,2019-06-18T20:36:43Z
192616575,https://github.com/alangodoi/thundercast-api,alangodoi,2019-06-18T21:44:18Z
192617047,https://github.com/lukaszszy/Contact-App,lukaszszy,2019-06-18T21:48:57Z
192612152,https://github.com/lhaion/LMmarket,lhaion,2019-06-18T21:02:15Z
192608350,https://github.com/D4RKD33VIL/PHP_Arrays_Associativos,D4RKD33VIL,2019-06-18T20:29:46Z
192609023,https://github.com/CODOU-SHNA/shana-web,CODOU-SHNA,2019-06-18T20:35:11Z
192606764,https://github.com/PanikJanny97/patfinder_clone,PanikJanny97,2019-06-18T20:17:17Z
192606885,https://github.com/ReubenMashauri/HMIS,ReubenMashauri,2019-06-18T20:18:14Z