7414660,https://github.com/iionly/Elgg_1.8_identicon,iionly,2013-01-02T22:43:57Z
7414635,https://github.com/gdelamardiere/filmotheque,gdelamardiere,2013-01-02T22:41:43Z
7414666,https://github.com/kcmerrill/events,kcmerrill,2013-01-02T22:44:28Z
7414264,https://github.com/programmerdevel/learnproject,programmerdevel,2013-01-02T22:12:01Z
7414589,https://github.com/Decipher/date_ajax_update,Decipher,2013-01-02T22:36:59Z
7414525,https://github.com/dbernar1/tdd-kata-1,dbernar1,2013-01-02T22:33:03Z
7414703,https://github.com/fanyibo/pathfinding,fanyibo,2013-01-02T22:47:38Z
7414408,https://github.com/svpernova09/BlizzardAlertParser,svpernova09,2013-01-02T22:23:32Z
7414154,https://github.com/cballou/JinX,cballou,2013-01-02T22:04:32Z
7414207,https://github.com/itarato/SymfonyBlog,itarato,2013-01-02T22:08:38Z
7414221,https://github.com/mogensengmark/zCoreAdmin,mogensengmark,2013-01-02T22:09:19Z
7414501,https://github.com/scribenet/bergerlaw,scribenet,2013-01-02T22:30:32Z
7414824,https://github.com/ubc/real-post-author,ubc,2013-01-02T22:57:38Z
7414444,https://github.com/scribenet/iongrumeza,scribenet,2013-01-02T22:26:21Z
7414448,https://github.com/TimHolt/blockcache_alter,TimHolt,2013-01-02T22:26:41Z