100089873,https://github.com/gilmarsquinelato/serverless-spa,gilmarsquinelato,2017-08-12T04:51:02Z
100089028,https://github.com/pea3nut/read-unes6-demo,pea3nut,2017-08-12T04:29:37Z
100088675,https://github.com/breakdance/breakdance-mercury,breakdance,2017-08-12T04:20:25Z
100090137,https://github.com/ryanmurakami/esm-lambda,ryanmurakami,2017-08-12T04:58:16Z
100090001,https://github.com/coderyyx/reactWebComponents,coderyyx,2017-08-12T04:54:52Z
100089686,https://github.com/pacificpelican/vreel,pacificpelican,2017-08-12T04:46:11Z
100088536,https://github.com/asfo/Express-Nginx-Docker,asfo,2017-08-12T04:16:55Z
100089165,https://github.com/adriaandejonge/cloud-function-travis,adriaandejonge,2017-08-12T04:32:48Z
100088529,https://github.com/rayli-bot/Musician,rayli-bot,2017-08-12T04:16:48Z
100090191,https://github.com/UziTech/notifications-plus-confetti,UziTech,2017-08-12T04:59:52Z
100089684,https://github.com/legomushroom/mojs-get-radial-point,legomushroom,2017-08-12T04:46:10Z
100089874,https://github.com/YoLoADR/shopping-list-with-ionic-and-firebase,YoLoADR,2017-08-12T04:51:05Z
100089363,https://github.com/JustinWomack/nextjs-website-a-master,JustinWomack,2017-08-12T04:37:46Z
100088606,https://github.com/king-shark/tutorial-node-database,king-shark,2017-08-12T04:18:34Z
100088275,https://github.com/webrich/react-with-materialize,webrich,2017-08-12T04:09:48Z
100089191,https://github.com/gertjaap/vtc-trezor,gertjaap,2017-08-12T04:33:19Z
100088418,https://github.com/catluck/crud,catluck,2017-08-12T04:14:07Z
100087947,https://github.com/colmenacoop/workshop-example,colmenacoop,2017-08-12T04:02:15Z
100089655,https://github.com/alextracy/expressApp,alextracy,2017-08-12T04:45:31Z
100089674,https://github.com/emirtb/SFS.Shell.Deploy,emirtb,2017-08-12T04:46:00Z
100089735,https://github.com/ASAD128/Hackathon,ASAD128,2017-08-12T04:47:21Z
100088678,https://github.com/Teegold007/Random-quote-generator,Teegold007,2017-08-12T04:20:35Z
100088763,https://github.com/luigi055/REST-TODOS,luigi055,2017-08-12T04:23:03Z
100089800,https://github.com/jeffjyang/click-game,jeffjyang,2017-08-12T04:48:55Z
100089102,https://github.com/bhavy314159265a/angularjs,bhavy314159265a,2017-08-12T04:31:24Z
100088657,https://github.com/xiDaiDai/template,xiDaiDai,2017-08-12T04:20:02Z
100088219,https://github.com/lisaula/calendar_test,lisaula,2017-08-12T04:08:18Z
100088528,https://github.com/hasanac/react-simple-game,hasanac,2017-08-12T04:16:47Z
100088406,https://github.com/Yuelin37/React-Essential,Yuelin37,2017-08-12T04:13:46Z
100089074,https://github.com/dawong/github-app,dawong,2017-08-12T04:30:51Z
100089201,https://github.com/sranney/Hangman,sranney,2017-08-12T04:33:34Z
100089127,https://github.com/jkwr/budget,jkwr,2017-08-12T04:31:52Z
100088387,https://github.com/Black-Tortoise/black,Black-Tortoise,2017-08-12T04:13:21Z
100088110,https://github.com/hoanx94/node-scrape,hoanx94,2017-08-12T04:05:32Z
100088180,https://github.com/lingener/lingener,lingener,2017-08-12T04:07:07Z
100089978,https://github.com/AlbertoRTO/Jogo-Javascript,AlbertoRTO,2017-08-12T04:54:02Z
100088345,https://github.com/mtimmermann/Nodejs-Webpack-React-Examples,mtimmermann,2017-08-12T04:12:19Z
100089525,https://github.com/ellinzhao/art-suggestor,ellinzhao,2017-08-12T04:42:17Z
100090160,https://github.com/kokoht/scaffolding-vuecli-express-mongodb-mongoose,kokoht,2017-08-12T04:58:57Z
100088279,https://github.com/ar2zee/React.JS-FIRST-APP,ar2zee,2017-08-12T04:09:59Z
100088397,https://github.com/ljxhesy/beautyBond,ljxhesy,2017-08-12T04:13:36Z
100089784,https://github.com/alan-maldonado/nodejs-cineproxy,alan-maldonado,2017-08-12T04:48:26Z
100088102,https://github.com/MatheusEsteves/MC202,MatheusEsteves,2017-08-12T04:05:21Z
100088205,https://github.com/mrcole13/the-cole-train-6,mrcole13,2017-08-12T04:07:53Z
100089472,https://github.com/xiaoyi3366/webpack-demo3,xiaoyi3366,2017-08-12T04:41:08Z
100089207,https://github.com/brunocroh/rss-reader,brunocroh,2017-08-12T04:33:38Z
100088218,https://github.com/zhoutk/material-admin,zhoutk,2017-08-12T04:08:13Z
100089417,https://github.com/VergoAssetManagement/University-Grade-Transfer-Hyperledger,VergoAssetManagement,2017-08-12T04:39:33Z
100089059,https://github.com/calvintruong26/yelp-camp,calvintruong26,2017-08-12T04:30:19Z
100088116,https://github.com/rsxo/nd-react-contacts,rsxo,2017-08-12T04:05:37Z
100088508,https://github.com/gowrimanoharir/Eat-Burger,gowrimanoharir,2017-08-12T04:16:22Z
100088941,https://github.com/hjzheng/react-hehe-utils,hjzheng,2017-08-12T04:27:31Z
100089912,https://github.com/jmpaaak/note-of-something,jmpaaak,2017-08-12T04:52:08Z
100089858,https://github.com/Dipkiran/News-portal,Dipkiran,2017-08-12T04:50:26Z
100089372,https://github.com/sdkevorkian/scavenger-static,sdkevorkian,2017-08-12T04:37:59Z
100088356,https://github.com/kayla0reed/TimeAndDateApp,kayla0reed,2017-08-12T04:12:37Z
100088690,https://github.com/ThinkRealize/vue-test,ThinkRealize,2017-08-12T04:21:01Z
100088015,https://github.com/jakerutter/LearningGame,jakerutter,2017-08-12T04:03:35Z
100089904,https://github.com/simpart/mofron-comp-bgtext,simpart,2017-08-12T04:51:53Z
100089024,https://github.com/alulsh/device-security,alulsh,2017-08-12T04:29:28Z
100089186,https://github.com/legomushroom/mojs-util-separate-tween-options,legomushroom,2017-08-12T04:33:16Z
100089227,https://github.com/freakydeveloper/devopsinsights-toolchain-20170812043243367,freakydeveloper,2017-08-12T04:34:08Z
100089974,https://github.com/TD-DevTeam/NodePractice,TD-DevTeam,2017-08-12T04:53:52Z
100088759,https://github.com/hseirafi/gcp,hseirafi,2017-08-12T04:22:59Z
100088814,https://github.com/TongTong2008/webpack-demo,TongTong2008,2017-08-12T04:24:19Z
100089108,https://github.com/yacel100/nextu-2,yacel100,2017-08-12T04:31:30Z
100088393,https://github.com/yangchunjian/java_websocket_chat,yangchunjian,2017-08-12T04:13:31Z
100089153,https://github.com/legomushroom/mojs-util-motion-path,legomushroom,2017-08-12T04:32:26Z
100089936,https://github.com/analarameshbabu/TEST,analarameshbabu,2017-08-12T04:52:48Z
100088163,https://github.com/ywg228/jquery.fixedNav,ywg228,2017-08-12T04:06:46Z
100089666,https://github.com/mlockrey/ScaleAPI,mlockrey,2017-08-12T04:45:47Z
100089217,https://github.com/abhi911kumar/portfolio,abhi911kumar,2017-08-12T04:33:55Z