136664433,https://github.com/IBM/securitization_blockchain,IBM,2018-06-08T20:44:18Z
136662903,https://github.com/dahnielson/parcel-plugin-workbox,dahnielson,2018-06-08T20:24:27Z
136662105,https://github.com/jonathanRinciari/React-Native-Swipeable-Cards,jonathanRinciari,2018-06-08T20:14:28Z
136662108,https://github.com/jkahn117/aws-appsync-session-manager,jkahn117,2018-06-08T20:14:30Z
136664149,https://github.com/wizelineacademy/js-fundamentals,wizelineacademy,2018-06-08T20:40:42Z
136664559,https://github.com/T-vK/node-browser-audio-stream-test,T-vK,2018-06-08T20:46:10Z
136665474,https://github.com/fvitas/testcafe-todomvc,fvitas,2018-06-08T20:58:34Z
136664917,https://github.com/carlwhittick/es6-illuminated,carlwhittick,2018-06-08T20:50:49Z
136662183,https://github.com/omniskills/node-gql-api,omniskills,2018-06-08T20:15:20Z
136664677,https://github.com/wederribas/neighborhood-map-udacity,wederribas,2018-06-08T20:47:40Z
136664306,https://github.com/debian789/chat-hiden-app,debian789,2018-06-08T20:42:43Z
136665149,https://github.com/cpang888/StarWars,cpang888,2018-06-08T20:54:08Z
136665173,https://github.com/VAIBHAV7500/Pig-Game,VAIBHAV7500,2018-06-08T20:54:26Z
136661194,https://github.com/SRozhina/magpie-shared,SRozhina,2018-06-08T20:03:03Z
136661160,https://github.com/SRozhina/timepad-magpie,SRozhina,2018-06-08T20:02:44Z
136663410,https://github.com/ASRCsoft/Leaflet.Hysplit,ASRCsoft,2018-06-08T20:30:55Z
136664366,https://github.com/ronal2do/react-context-example,ronal2do,2018-06-08T20:43:30Z
136664018,https://github.com/Barneybean/ReParked,Barneybean,2018-06-08T20:38:55Z
136661246,https://github.com/CRHarding/casey-book-graph,CRHarding,2018-06-08T20:03:37Z
136662777,https://github.com/luCastro/codecore_homework,luCastro,2018-06-08T20:22:41Z
136664915,https://github.com/julienshim/jumpstart,julienshim,2018-06-08T20:50:49Z
136665090,https://github.com/vme-dev/ticket-app,vme-dev,2018-06-08T20:53:17Z
136664437,https://github.com/kinday/voor-de-wind,kinday,2018-06-08T20:44:19Z
136664028,https://github.com/CarlosLoyer/TurisMaule,CarlosLoyer,2018-06-08T20:39:02Z
136663433,https://github.com/omniskills/vue-demo,omniskills,2018-06-08T20:31:09Z
136663596,https://github.com/omniskills/graphql-demo,omniskills,2018-06-08T20:33:17Z
136663614,https://github.com/ttyun/DashTransportation-Backend,ttyun,2018-06-08T20:33:28Z
136663767,https://github.com/shiyangs/test,shiyangs,2018-06-08T20:35:45Z
136662637,https://github.com/w1nston/jaw,w1nston,2018-06-08T20:21:02Z
136664613,https://github.com/jduan/intro_to_react,jduan,2018-06-08T20:46:55Z
136664836,https://github.com/mwatson86/text-file-words,mwatson86,2018-06-08T20:49:44Z
136665465,https://github.com/sud-mrjn/Node-CMS,sud-mrjn,2018-06-08T20:58:27Z
136662389,https://github.com/bagonterman/TriviaGame,bagonterman,2018-06-08T20:17:42Z
136663574,https://github.com/RaphaelOhlsen/vue2,RaphaelOhlsen,2018-06-08T20:32:57Z
136663579,https://github.com/DrawZz/namibot45,DrawZz,2018-06-08T20:32:59Z
136662444,https://github.com/fleszu/foundation-custom,fleszu,2018-06-08T20:18:23Z
136662296,https://github.com/joonsubtalk/hologosreader,joonsubtalk,2018-06-08T20:16:36Z
136665292,https://github.com/enzo-beltrami/alura-courses,enzo-beltrami,2018-06-08T20:56:10Z
136662040,https://github.com/AdrianLuley/PhotoGallery,AdrianLuley,2018-06-08T20:13:36Z
136665509,https://github.com/nckgrzn/CDJ,nckgrzn,2018-06-08T20:59:01Z
136665232,https://github.com/Lightnet/intellij_haxekha,Lightnet,2018-06-08T20:55:19Z
136664852,https://github.com/TidyMaze/indexer,TidyMaze,2018-06-08T20:49:56Z
136664953,https://github.com/JamesLivengood/Magic-Ball-Weather,JamesLivengood,2018-06-08T20:51:09Z
136663972,https://github.com/AnsonT/NodeSelfSignedCAExample,AnsonT,2018-06-08T20:38:19Z
136661327,https://github.com/justscribner/personal-blog,justscribner,2018-06-08T20:04:40Z
136660949,https://github.com/chicks22/node-course-2-web-server,chicks22,2018-06-08T20:00:05Z
136663531,https://github.com/kushyapp/kushy-support-docusaurus,kushyapp,2018-06-08T20:32:27Z
136663541,https://github.com/nChannelIO/iqmetrix-dropship-channel,nChannelIO,2018-06-08T20:32:32Z
136663804,https://github.com/serkandogan/zirvesapka,serkandogan,2018-06-08T20:36:13Z
136663222,https://github.com/pauloariell/API,pauloariell,2018-06-08T20:28:22Z
136662125,https://github.com/ByronGBP/sign-up-form-thing,ByronGBP,2018-06-08T20:14:42Z
136662294,https://github.com/danlubbers/final-comps,danlubbers,2018-06-08T20:16:35Z
136661730,https://github.com/bdog72/Robot_Friends,bdog72,2018-06-08T20:09:45Z
136665035,https://github.com/jasonrberney/redux-sagas,jasonrberney,2018-06-08T20:52:19Z
136662448,https://github.com/PothGHC/devops-insights-20180608201621610,PothGHC,2018-06-08T20:18:25Z
136663144,https://github.com/renaldotriansah/instagram-v2,renaldotriansah,2018-06-08T20:27:21Z
136665198,https://github.com/drew-haas/globe,drew-haas,2018-06-08T20:54:49Z
136665302,https://github.com/liling198658/test,liling198658,2018-06-08T20:56:21Z
136664034,https://github.com/3bode3311/pl-systeme,3bode3311,2018-06-08T20:39:10Z
136661164,https://github.com/Hemant-IITK/src,Hemant-IITK,2018-06-08T20:02:45Z
136661663,https://github.com/nmoll/Receipts,nmoll,2018-06-08T20:08:49Z
136662869,https://github.com/alexortiz005/txpublicaciones_unal,alexortiz005,2018-06-08T20:24:03Z
136663201,https://github.com/HendrikFernandez/Lab03,HendrikFernandez,2018-06-08T20:28:03Z
136661758,https://github.com/bugleev/react-editable-list-project,bugleev,2018-06-08T20:10:07Z
136661837,https://github.com/mali30/Udemy_Javascript_DICE_GAME,mali30,2018-06-08T20:11:12Z
136664421,https://github.com/sud-mrjn/GraphQL-Bookstore-API,sud-mrjn,2018-06-08T20:44:12Z
136662070,https://github.com/wassimbenamara/Hyperledger-Composer-Exercice,wassimbenamara,2018-06-08T20:14:01Z
136665052,https://github.com/baber9/real-news-scraper,baber9,2018-06-08T20:52:32Z
136660950,https://github.com/fidellr/kopi-isi-dashboard-v1,fidellr,2018-06-08T20:00:05Z
136660986,https://github.com/amlight/grafana-amlight-app-sdnlg,amlight,2018-06-08T20:00:36Z
136661678,https://github.com/anil093/GitHubFinder,anil093,2018-06-08T20:09:04Z
136661310,https://github.com/KirillGrom/audioplayer,KirillGrom,2018-06-08T20:04:28Z
136664900,https://github.com/xeroneon/GifTastic,xeroneon,2018-06-08T20:50:35Z
136665268,https://github.com/luizmagao/bootbox-bootstrap4.0.0,luizmagao,2018-06-08T20:55:47Z
136664551,https://github.com/andela-oakinseye/idea-project-api,andela-oakinseye,2018-06-08T20:46:05Z
136664929,https://github.com/krishaamer/yellowbluebus,krishaamer,2018-06-08T20:50:56Z
136662733,https://github.com/edoplaza/node-web,edoplaza,2018-06-08T20:22:05Z
136663100,https://github.com/sarthak91singh/Customized-Async-Plugin,sarthak91singh,2018-06-08T20:26:41Z
136664110,https://github.com/shlomibe21/Make-Smart-Meals,shlomibe21,2018-06-08T20:40:16Z
136661686,https://github.com/pulidovpe/react-firebase-chat,pulidovpe,2018-06-08T20:09:11Z
136662463,https://github.com/rileyweber/personal-site,rileyweber,2018-06-08T20:18:35Z
136661840,https://github.com/batkozeus/RepetaHW13,batkozeus,2018-06-08T20:11:19Z
136664279,https://github.com/robertsoaa/simple-crystal-game,robertsoaa,2018-06-08T20:42:25Z
136664358,https://github.com/chancelorb/tic-tac-toe,chancelorb,2018-06-08T20:43:22Z
136665517,https://github.com/6-4-d/final-project,6-4-d,2018-06-08T20:59:08Z
136663653,https://github.com/PothGHC/devops-insights-20180608203345271,PothGHC,2018-06-08T20:33:59Z
136661616,https://github.com/lexaddshoppers/addshop-documentation,lexaddshoppers,2018-06-08T20:08:07Z
136664706,https://github.com/marilyn-n/vue-wheather,marilyn-n,2018-06-08T20:48:04Z
136665203,https://github.com/drewmiley/pascal,drewmiley,2018-06-08T20:54:50Z
136664561,https://github.com/jadope/Docker-SO,jadope,2018-06-08T20:46:10Z
136663257,https://github.com/ElijahWilensky/final-project,ElijahWilensky,2018-06-08T20:28:55Z
136662881,https://github.com/EVPA0306/simple-js-app,EVPA0306,2018-06-08T20:24:15Z
136662991,https://github.com/HIROSN/WebGLDeveloperTools,HIROSN,2018-06-08T20:25:16Z
136665386,https://github.com/dersonsena/son_microjobs,dersonsena,2018-06-08T20:57:36Z
136665488,https://github.com/nahumcoding/MySQL-Amazon-like-storefront,nahumcoding,2018-06-08T20:58:42Z
136661324,https://github.com/kubkil/sm-21-8,kubkil,2018-06-08T20:04:38Z
136664429,https://github.com/lpalmes/relay-typescript-introduction,lpalmes,2018-06-08T20:44:16Z
136661785,https://github.com/danbernardi/portfolio2018,danbernardi,2018-06-08T20:10:31Z
136664008,https://github.com/omniskills/node-api,omniskills,2018-06-08T20:38:47Z
136663874,https://github.com/aashna27/WebConnect,aashna27,2018-06-08T20:37:01Z
136663224,https://github.com/Maria108/voicemail-changer-website,Maria108,2018-06-08T20:28:23Z
136663273,https://github.com/cesarmacedo/Chatbot,cesarmacedo,2018-06-08T20:29:13Z
136661034,https://github.com/zlargon/mbta,zlargon,2018-06-08T20:01:16Z
136664796,https://github.com/HendrikFernandez/Lab04,HendrikFernandez,2018-06-08T20:49:14Z
136662193,https://github.com/EvanKerr90/export-practice,EvanKerr90,2018-06-08T20:15:25Z
136662384,https://github.com/RoyCurtis/GitFrankenstein,RoyCurtis,2018-06-08T20:17:40Z
136662702,https://github.com/kriskcandy/JavaScript_w_FizzBuzz_practice,kriskcandy,2018-06-08T20:21:44Z
136664590,https://github.com/giroma/node-lcbo-planner,giroma,2018-06-08T20:46:35Z
136663358,https://github.com/dewad2/reactorepo,dewad2,2018-06-08T20:30:14Z
136663470,https://github.com/adamtlee/express-sample-app,adamtlee,2018-06-08T20:31:34Z
136662674,https://github.com/NicholasDuFour/fullstackexpressp2,NicholasDuFour,2018-06-08T20:21:25Z
136663958,https://github.com/hurkanakbiyik/ember-music-collection,hurkanakbiyik,2018-06-08T20:38:07Z
136661253,https://github.com/berniris/tic-tac-toe,berniris,2018-06-08T20:03:42Z
136664303,https://github.com/athilann/WebPackTest,athilann,2018-06-08T20:42:40Z
136665553,https://github.com/djimenezc/fiori-launchpad-poc,djimenezc,2018-06-08T20:59:36Z
136661718,https://github.com/airhamgouda/march-electron,airhamgouda,2018-06-08T20:09:31Z
136661850,https://github.com/sdbeng/burger-data-sql,sdbeng,2018-06-08T20:11:26Z
136662038,https://github.com/Targaryen-hrla22/photo-gallery-component,Targaryen-hrla22,2018-06-08T20:13:35Z
136662773,https://github.com/HonungsHanne/FirstReactApp,HonungsHanne,2018-06-08T20:22:38Z
136664550,https://github.com/mullaney/react-game-of-life,mullaney,2018-06-08T20:46:05Z
136664553,https://github.com/bkniffler/fela-recompose-issue,bkniffler,2018-06-08T20:46:06Z
136663439,https://github.com/Mike82co/expressDrill2,Mike82co,2018-06-08T20:31:13Z
136665243,https://github.com/djimenezc/clavis-test,djimenezc,2018-06-08T20:55:28Z
136662822,https://github.com/ndarmyserver/js_tutorial,ndarmyserver,2018-06-08T20:23:21Z
136662889,https://github.com/StreamedLine/training-console,StreamedLine,2018-06-08T20:24:21Z
136665085,https://github.com/dpanchenko/jscoin-wallet,dpanchenko,2018-06-08T20:53:12Z
136665498,https://github.com/jennifersmithuk/arcade-game,jennifersmithuk,2018-06-08T20:58:53Z
136664647,https://github.com/flaviodaniel1992/chatbot-teste,flaviodaniel1992,2018-06-08T20:47:16Z
136664785,https://github.com/Dawolee/schedulee,Dawolee,2018-06-08T20:49:00Z
136665152,https://github.com/simooooone/react-maximilian-course,simooooone,2018-06-08T20:54:10Z
136662961,https://github.com/manfered/MVCImageToWebSpeechApi,manfered,2018-06-08T20:24:59Z
136665574,https://github.com/MrMace/Tetris,MrMace,2018-06-08T20:59:50Z
136664882,https://github.com/java83/express,java83,2018-06-08T20:50:17Z
136661992,https://github.com/chewster/mens-template,chewster,2018-06-08T20:13:04Z
136662028,https://github.com/Yisgit/django_project,Yisgit,2018-06-08T20:13:26Z
136663728,https://github.com/nev7/multisearch-app,nev7,2018-06-08T20:35:12Z
136665077,https://github.com/justinbretting/dumb-lumberjack,justinbretting,2018-06-08T20:53:04Z
136663029,https://github.com/Hawk-Song/RecruiterApp,Hawk-Song,2018-06-08T20:25:48Z
136665340,https://github.com/coatsd/233JS_toDoList,coatsd,2018-06-08T20:56:53Z
136664907,https://github.com/sudhasr/node_microservice,sudhasr,2018-06-08T20:50:44Z
136663505,https://github.com/jenodowd/responsive-web-app,jenodowd,2018-06-08T20:32:09Z
136664168,https://github.com/joelsfoster/pet-shop,joelsfoster,2018-06-08T20:40:55Z
136662866,https://github.com/fabriciofmsilva/javascript-promise,fabriciofmsilva,2018-06-08T20:24:00Z
136662355,https://github.com/sugun-machipeddy/MyPortfolio,sugun-machipeddy,2018-06-08T20:17:17Z
136662184,https://github.com/jzkarap/FiboApp,jzkarap,2018-06-08T20:15:20Z
136661783,https://github.com/eduardoborges/desafio-paggecerto,eduardoborges,2018-06-08T20:10:31Z
136662523,https://github.com/mongosmash1/tic-tac-toe,mongosmash1,2018-06-08T20:19:34Z
136662527,https://github.com/Aphextwinnie/hypnosevoorcoaches.nl,Aphextwinnie,2018-06-08T20:19:38Z
136663595,https://github.com/gbosilva/orbits,gbosilva,2018-06-08T20:33:16Z
136662619,https://github.com/t03c10/modul20.5,t03c10,2018-06-08T20:20:45Z
136662766,https://github.com/saltyjohn/ccv-webdev-1151-react,saltyjohn,2018-06-08T20:22:28Z
136663454,https://github.com/jeremylukebennett/spin,jeremylukebennett,2018-06-08T20:31:23Z
136665358,https://github.com/gkemp94/mobile-flashcards,gkemp94,2018-06-08T20:57:10Z
136661021,https://github.com/detroitcoder1/AdGoUI,detroitcoder1,2018-06-08T20:01:05Z
136661103,https://github.com/jennisimone/JavaScriptsPractice,jennisimone,2018-06-08T20:01:56Z
136661181,https://github.com/BrianAustin/startnow-react200-budget-tracker,BrianAustin,2018-06-08T20:02:56Z
136663678,https://github.com/m1xnull/hello-world,m1xnull,2018-06-08T20:34:29Z
136663758,https://github.com/sujitjonnakuti/HelloWorldAgain,sujitjonnakuti,2018-06-08T20:35:37Z
136663055,https://github.com/gideaoms/nodejs-reactjs-graphql,gideaoms,2018-06-08T20:26:08Z
136661477,https://github.com/gregwhorley/probable-robot,gregwhorley,2018-06-08T20:06:31Z
136665304,https://github.com/danyellegrillo/homework2week,danyellegrillo,2018-06-08T20:56:22Z
136661704,https://github.com/gabemule/unblocker-extension,gabemule,2018-06-08T20:09:21Z
136663047,https://github.com/paudhari/weathereto,paudhari,2018-06-08T20:26:03Z
136663109,https://github.com/friolrenan/Ramais,friolrenan,2018-06-08T20:26:50Z
136663191,https://github.com/VasilNikolov/note-app,VasilNikolov,2018-06-08T20:27:54Z
136662805,https://github.com/gmaggiotti/news-crawler,gmaggiotti,2018-06-08T20:23:04Z
136662861,https://github.com/IVINtech/Arduino2,IVINtech,2018-06-08T20:23:58Z
136664288,https://github.com/zaidhusseini/lumeos,zaidhusseini,2018-06-08T20:42:31Z
136664380,https://github.com/s0h41l/php-first-cms-project,s0h41l,2018-06-08T20:43:38Z
136664432,https://github.com/yukinagakamibeppu/kamigdictextension,yukinagakamibeppu,2018-06-08T20:44:18Z
136664866,https://github.com/IsuruNana/node-testing,IsuruNana,2018-06-08T20:50:04Z
136660988,https://github.com/charanpasham/Signature-Pad,charanpasham,2018-06-08T20:00:39Z
136662144,https://github.com/anujladia/CityGlance,anujladia,2018-06-08T20:14:54Z
136662537,https://github.com/dabobert/eivu-client,dabobert,2018-06-08T20:19:42Z
136661252,https://github.com/mahmoudShaheen/Turn,mahmoudShaheen,2018-06-08T20:03:40Z
136661348,https://github.com/saifuddin622/percentage,saifuddin622,2018-06-08T20:04:53Z
136664210,https://github.com/levets27/bsg,levets27,2018-06-08T20:41:39Z
136662401,https://github.com/connorbenton/SavedTabs,connorbenton,2018-06-08T20:17:51Z
136663547,https://github.com/kbirge/Bootstrap-Portfolio,kbirge,2018-06-08T20:32:36Z
136663553,https://github.com/allnulled/function-wrapper,allnulled,2018-06-08T20:32:39Z
136662678,https://github.com/spalaios/passport,spalaios,2018-06-08T20:21:28Z
136663504,https://github.com/sime1/observable-fetch,sime1,2018-06-08T20:32:09Z
136665584,https://github.com/zenz34/tic_tac_toe_game,zenz34,2018-06-08T20:59:56Z
136662060,https://github.com/adammertel/cv,adammertel,2018-06-08T20:13:49Z
136663576,https://github.com/muttman1357/shoutbox,muttman1357,2018-06-08T20:32:58Z
136663801,https://github.com/paudhari/react-native-weatherapp,paudhari,2018-06-08T20:36:12Z
136661695,https://github.com/Melagomania/react,Melagomania,2018-06-08T20:09:17Z
136662735,https://github.com/Gunacan/stripe-drill,Gunacan,2018-06-08T20:22:05Z
136664597,https://github.com/taowang0622/portal-static,taowang0622,2018-06-08T20:46:42Z
136663408,https://github.com/projektminiracing/nodejsNEW,projektminiracing,2018-06-08T20:30:54Z
136662158,https://github.com/emmanuelkant/DoItFirst,emmanuelkant,2018-06-08T20:15:03Z
136665056,https://github.com/AncientFriend/magpie-music,AncientFriend,2018-06-08T20:52:35Z
136664725,https://github.com/walak/truffle-google-app-engine-example,walak,2018-06-08T20:48:15Z
136664807,https://github.com/HPringles/proclaimer-bot,HPringles,2018-06-08T20:49:21Z
136662443,https://github.com/sdass/modern-js-incr,sdass,2018-06-08T20:18:22Z
136662597,https://github.com/omniskills/budget-manager,omniskills,2018-06-08T20:20:27Z
136662769,https://github.com/Digituz/krebseng-koa,Digituz,2018-06-08T20:22:32Z