46035117,https://github.com/ka1nong/rog-go,ka1nong,2015-11-12T06:53:25Z