13403684,https://github.com/furushchev/markdown-chat,furushchev,2013-10-08T04:44:23Z
13403754,https://github.com/tadeegan/traceroute,tadeegan,2013-10-08T04:48:08Z
13403930,https://github.com/glauberramos/css-architecture-presentation,glauberramos,2013-10-08T04:59:35Z
13403703,https://github.com/jamesward/play-deep-end,jamesward,2013-10-08T04:45:05Z
13403830,https://github.com/sslover/itp2014live,sslover,2013-10-08T04:52:50Z
13403235,https://github.com/johnnychq/fields,johnnychq,2013-10-08T04:14:44Z
13403618,https://github.com/arferreira/pdtms2,arferreira,2013-10-08T04:39:35Z
13403668,https://github.com/sarahhenderson/enduring-stash,sarahhenderson,2013-10-08T04:43:10Z
13403421,https://github.com/rbudha/ElectroShop,rbudha,2013-10-08T04:26:33Z
13403757,https://github.com/fmoneo/metricsReport,fmoneo,2013-10-08T04:48:19Z
13403710,https://github.com/mcwhittemore/npm-installer,mcwhittemore,2013-10-08T04:45:37Z
13403307,https://github.com/cmisenas/valet,cmisenas,2013-10-08T04:18:38Z
13403058,https://github.com/davehughes/zipper,davehughes,2013-10-08T04:01:27Z
13403246,https://github.com/cmisenas/shorty,cmisenas,2013-10-08T04:15:36Z
13403160,https://github.com/thinkthroughmath/ttm-coffeescript-utilities,thinkthroughmath,2013-10-08T04:09:41Z
13403528,https://github.com/hanzheng1/Questionnaire,hanzheng1,2013-10-08T04:33:34Z
13403622,https://github.com/day1118/WTC_Website,day1118,2013-10-08T04:39:52Z
13403185,https://github.com/cweb/glypher,cweb,2013-10-08T04:11:15Z
13403921,https://github.com/weishare/weifenxiang,weishare,2013-10-08T04:58:41Z
13403046,https://github.com/lenville/snippets,lenville,2013-10-08T04:00:50Z
13403067,https://github.com/heichong/sm,heichong,2013-10-08T04:02:01Z