143149783,https://github.com/rhnvrm/lyric-api-go,rhnvrm,2018-08-01T11:56:58Z
143147194,https://github.com/prologic/sm,prologic,2018-08-01T11:31:05Z
143149445,https://github.com/webhat/modbustcp,webhat,2018-08-01T11:53:44Z
143146347,https://github.com/tadashi-aikawa/miroir-cli,tadashi-aikawa,2018-08-01T11:22:20Z
143146656,https://github.com/rohitk-github/go_jokes,rohitk-github,2018-08-01T11:25:35Z
143148149,https://github.com/StreatCodes/lotus_backend,StreatCodes,2018-08-01T11:41:03Z
143144745,https://github.com/rabeesh/go-email-template-examples,rabeesh,2018-08-01T11:05:58Z
143144828,https://github.com/gaurav04/Go-Programming,gaurav04,2018-08-01T11:06:55Z
143147877,https://github.com/tkuchiki/stated-cmd,tkuchiki,2018-08-01T11:38:27Z
143145303,https://github.com/jessicastenning/GopherCon,jessicastenning,2018-08-01T11:11:32Z
143148381,https://github.com/GittestCC/repo-mastergo1100alpine37136,GittestCC,2018-08-01T11:43:14Z
143149389,https://github.com/dwtechnologies/ecs-balancer,dwtechnologies,2018-08-01T11:53:15Z
143146194,https://github.com/topicusonderwijs/keyhub-sdk,topicusonderwijs,2018-08-01T11:21:02Z
143148805,https://github.com/shivi28/e-commerce,shivi28,2018-08-01T11:47:17Z