26122776,https://github.com/PHP720/lesson-44,PHP720,2014-11-03T14:45:06Z
26122964,https://github.com/atkrad/recaptcha-plugin,atkrad,2014-11-03T14:49:33Z
26123100,https://github.com/MickaelBaillot/site_chercheur_licence,MickaelBaillot,2014-11-03T14:53:05Z
26120998,https://github.com/TangentSolutions/hipchat-clone,TangentSolutions,2014-11-03T14:03:09Z
26121127,https://github.com/urakozz/php-class-mapper,urakozz,2014-11-03T14:06:13Z
26122925,https://github.com/nahid/php-unique-multiple-random-number,nahid,2014-11-03T14:48:32Z
26121934,https://github.com/hapyio/hapy,hapyio,2014-11-03T14:24:49Z
26121153,https://github.com/astina/feed2hipchat,astina,2014-11-03T14:06:46Z
26121430,https://github.com/t2mgroup/paymentapi-php,t2mgroup,2014-11-03T14:13:39Z
26123195,https://github.com/martynbiz/database,martynbiz,2014-11-03T14:55:15Z
26121445,https://github.com/haseaki0503/haseaki-wp-theme,haseaki0503,2014-11-03T14:13:54Z
26120866,https://github.com/philguimond/bakePhilGuimond,philguimond,2014-11-03T14:00:01Z
26121417,https://github.com/dutch-translators/Quick-Style,dutch-translators,2014-11-03T14:13:15Z
26120985,https://github.com/SIR-1415/PROJECT3_LOTTERY_MONDAY_PM,SIR-1415,2014-11-03T14:02:54Z
26120867,https://github.com/kileroy/TP3,kileroy,2014-11-03T14:00:02Z
26121559,https://github.com/laurens420/rtctest,laurens420,2014-11-03T14:16:25Z
26123002,https://github.com/d-r-a-y/pref,d-r-a-y,2014-11-03T14:50:31Z
26121532,https://github.com/cigalsace/mdConverter,cigalsace,2014-11-03T14:15:57Z
26120865,https://github.com/yanmercier/bakeblog,yanmercier,2014-11-03T14:00:00Z
26122938,https://github.com/zhuyanhai/technology,zhuyanhai,2014-11-03T14:48:51Z
26122266,https://github.com/viniciusd/ProfessoresDaECT,viniciusd,2014-11-03T14:33:17Z
26122594,https://github.com/MaxiAven/tpweb2,MaxiAven,2014-11-03T14:40:45Z
26121156,https://github.com/tobybatch/drupal-tools,tobybatch,2014-11-03T14:06:50Z
26122088,https://github.com/urmaul/laravel4-opencloud,urmaul,2014-11-03T14:28:55Z
26121016,https://github.com/ehomeshasha/shopping,ehomeshasha,2014-11-03T14:03:36Z
26121173,https://github.com/gaurav21/rexnew,gaurav21,2014-11-03T14:07:22Z
26122066,https://github.com/ozwillo/ozwillo-php-client,ozwillo,2014-11-03T14:28:12Z
26123133,https://github.com/cdemundo/ResidentTracker,cdemundo,2014-11-03T14:53:56Z
26121141,https://github.com/thu0ng91/quimbo,thu0ng91,2014-11-03T14:06:27Z
26122093,https://github.com/mapkyca/KnownHTMLPurifier,mapkyca,2014-11-03T14:29:07Z
26121012,https://github.com/WebentwicklungTeam2WS14-15/mantisbt-map-plugin,WebentwicklungTeam2WS14-15,2014-11-03T14:03:31Z