111895306,https://github.com/mitcelab/anomalous,mitcelab,2017-11-24T08:38:03Z
111896015,https://github.com/dxb350352/sort,dxb350352,2017-11-24T08:45:23Z
111894241,https://github.com/zerdnem/right-click-subtitles,zerdnem,2017-11-24T08:26:33Z
111896875,https://github.com/rDybing/crCodeMail,rDybing,2017-11-24T08:54:05Z
111892528,https://github.com/charles-haynes/bencode2yaml,charles-haynes,2017-11-24T08:08:14Z
111892548,https://github.com/b-i-hide/woker-job,b-i-hide,2017-11-24T08:08:26Z
111893396,https://github.com/theckman/fatinterfaces,theckman,2017-11-24T08:17:59Z