61262934,https://github.com/evgenity/react-html5-video-editor,evgenity,2016-06-16T04:47:21Z
61263397,https://github.com/substack/text-layers,substack,2016-06-16T04:57:53Z
61262849,https://github.com/geoffreyabdallah/rammutable.js,geoffreyabdallah,2016-06-16T04:45:09Z
61262121,https://github.com/julianbetancourt/react-simple-quiz,julianbetancourt,2016-06-16T04:27:13Z
61262042,https://github.com/JBarna/SpotifySaveHotkey,JBarna,2016-06-16T04:25:24Z
61261792,https://github.com/DaqingFeng/webpack-jquery-nodejs,DaqingFeng,2016-06-16T04:19:45Z
61263195,https://github.com/gabrielcsapo-graveyard/node-dashboard,gabrielcsapo-graveyard,2016-06-16T04:53:11Z
61262112,https://github.com/sdw1211/studyReact,sdw1211,2016-06-16T04:27:00Z
61262598,https://github.com/reifycode/Elo-mash,reifycode,2016-06-16T04:38:11Z
61263052,https://github.com/markwatsonatx/tutorial-rethinkdb-nodejs-intro,markwatsonatx,2016-06-16T04:50:04Z
61261741,https://github.com/ahmdigital/github-publish-release,ahmdigital,2016-06-16T04:18:38Z
61263223,https://github.com/d-jorgensen/twitch-timer,d-jorgensen,2016-06-16T04:54:06Z
61263189,https://github.com/likesaber/react-blog,likesaber,2016-06-16T04:53:05Z
61262376,https://github.com/baigui/baigui.github.io,baigui,2016-06-16T04:33:08Z
61263006,https://github.com/alphayan/vkapi,alphayan,2016-06-16T04:48:59Z
61261327,https://github.com/jcdarwin/node2,jcdarwin,2016-06-16T04:08:49Z
61262502,https://github.com/karmapa/headTagChecker,karmapa,2016-06-16T04:36:08Z
61262081,https://github.com/luisduque/Proyecto-Compugrafica,luisduque,2016-06-16T04:26:17Z
61261483,https://github.com/oshirodk/fizz-buzz2,oshirodk,2016-06-16T04:12:11Z
61261116,https://github.com/brumazzi/NodeJS-Exemples,brumazzi,2016-06-16T04:04:30Z
61262989,https://github.com/duongvanthang1808/WEBBBB,duongvanthang1808,2016-06-16T04:48:33Z
61263336,https://github.com/sirbabelot/translate-bot,sirbabelot,2016-06-16T04:56:19Z
61261118,https://github.com/COMCIFS/JsCifBrowser,COMCIFS,2016-06-16T04:04:32Z
61262735,https://github.com/liberalman/game,liberalman,2016-06-16T04:42:15Z
61262821,https://github.com/buddyLy/personal-web-app,buddyLy,2016-06-16T04:44:19Z
61263365,https://github.com/cile-bgd/micro-orm-dapper-demo,cile-bgd,2016-06-16T04:57:04Z
61263392,https://github.com/cattagarda/canyousurvive,cattagarda,2016-06-16T04:57:47Z
61263319,https://github.com/Kevbyte/86cup_calc,Kevbyte,2016-06-16T04:55:53Z
61261168,https://github.com/mynamexiaomili/dist,mynamexiaomili,2016-06-16T04:05:29Z
61262676,https://github.com/609905035/NodeWeatherApp,609905035,2016-06-16T04:40:27Z
61260945,https://github.com/alexacker08/Tech-Degree---Project-1---Random-Quote,alexacker08,2016-06-16T04:00:59Z
61260989,https://github.com/vizzito/metronome,vizzito,2016-06-16T04:02:12Z
61261367,https://github.com/CZHerrington/JS-Exercises,CZHerrington,2016-06-16T04:09:40Z
61261374,https://github.com/ubershibs/nightlife-tracker,ubershibs,2016-06-16T04:09:51Z
61261507,https://github.com/skalyanb/16X-git-map,skalyanb,2016-06-16T04:12:45Z
61261225,https://github.com/1999/inbox-sample,1999,2016-06-16T04:06:45Z
61262703,https://github.com/thedoorkeep/wtfbeer,thedoorkeep,2016-06-16T04:41:20Z
61262776,https://github.com/diazsandra/tictactoe,diazsandra,2016-06-16T04:43:17Z
61263304,https://github.com/JonathonMA/testcase-gulp-awspublish,JonathonMA,2016-06-16T04:55:37Z
61263350,https://github.com/jb-chto/StepOne,jb-chto,2016-06-16T04:56:41Z
61262647,https://github.com/bloodfiregaming/phaser,bloodfiregaming,2016-06-16T04:39:35Z
61262803,https://github.com/jess-leung/messaging-app,jess-leung,2016-06-16T04:44:02Z
61262026,https://github.com/Yogibeer2001/Tutorial,Yogibeer2001,2016-06-16T04:24:54Z
61261060,https://github.com/torioLuz/libra-frontend,torioLuz,2016-06-16T04:03:26Z
61260934,https://github.com/jimmcgaw/mandel,jimmcgaw,2016-06-16T04:00:40Z
61261700,https://github.com/dum3ng/timestamp,dum3ng,2016-06-16T04:17:47Z
61260938,https://github.com/rjstroman/JHU-4-Module4,rjstroman,2016-06-16T04:00:43Z
61261407,https://github.com/hashi93/Med_sep,hashi93,2016-06-16T04:10:40Z
61262367,https://github.com/najmaweb/koperaci,najmaweb,2016-06-16T04:33:00Z
61261107,https://github.com/reshak/iotmgr,reshak,2016-06-16T04:04:20Z
61261026,https://github.com/xiechuanan/PHP,xiechuanan,2016-06-16T04:02:49Z
61262545,https://github.com/hdp115grupo10/proyectoV2,hdp115grupo10,2016-06-16T04:36:46Z
61261581,https://github.com/weirdpattern/logwiz,weirdpattern,2016-06-16T04:14:40Z
61261593,https://github.com/wunderg/Illbethereforyou,wunderg,2016-06-16T04:14:59Z
61263079,https://github.com/cran/SubVis,cran,2016-06-16T04:50:43Z
61262247,https://github.com/dtracers/CallbackBarrier,dtracers,2016-06-16T04:30:01Z
61261843,https://github.com/crijeda/marcas,crijeda,2016-06-16T04:21:01Z
61262512,https://github.com/sdzharkov/WeatherAppDesign,sdzharkov,2016-06-16T04:36:18Z
61262167,https://github.com/SHEFFcode/ES6,SHEFFcode,2016-06-16T04:28:18Z
61262969,https://github.com/kellyvonborstel/twitter-clone,kellyvonborstel,2016-06-16T04:48:08Z
61262262,https://github.com/djockey/h5Serv,djockey,2016-06-16T04:30:18Z
61261072,https://github.com/gjh900929/gjh900929.github.com,gjh900929,2016-06-16T04:03:44Z
61262837,https://github.com/kikikyou/test,kikikyou,2016-06-16T04:44:46Z
61261965,https://github.com/Eatr/eatr,Eatr,2016-06-16T04:23:51Z
61263449,https://github.com/afcsagir/Tables-NCS,afcsagir,2016-06-16T04:59:12Z
61261491,https://github.com/dcdrawk/portfolio-static,dcdrawk,2016-06-16T04:12:20Z
61263066,https://github.com/jasonwilczak/jsNodeSeed,jasonwilczak,2016-06-16T04:50:17Z
61261609,https://github.com/ViraLata/linguagem,ViraLata,2016-06-16T04:15:23Z
61261106,https://github.com/evdokimovm/NodeJS-File-Metadata-Microservice,evdokimovm,2016-06-16T04:04:20Z
61261141,https://github.com/bcho/bearyincoming,bcho,2016-06-16T04:05:10Z
61262178,https://github.com/rzproject/traker-js,rzproject,2016-06-16T04:28:32Z
61262815,https://github.com/buddybid/social-platform-node-sdk,buddybid,2016-06-16T04:44:13Z
61262200,https://github.com/lovedoodle/52-CARDS,lovedoodle,2016-06-16T04:28:52Z
61262296,https://github.com/ViriCruz/flapper-news-system,ViriCruz,2016-06-16T04:31:12Z
61261293,https://github.com/pakpoom09/MBI_fbmessenger,pakpoom09,2016-06-16T04:08:11Z
61262864,https://github.com/jcarley/realtimedom,jcarley,2016-06-16T04:45:28Z
61260977,https://github.com/zeoiq/BotAI,zeoiq,2016-06-16T04:01:50Z
61263038,https://github.com/redbyzan/dataList,redbyzan,2016-06-16T04:49:47Z
61261383,https://github.com/gloriama/typing-practice,gloriama,2016-06-16T04:10:03Z
61261437,https://github.com/bdwain/react-testbed,bdwain,2016-06-16T04:11:10Z
61263016,https://github.com/CaliProject/createdu,CaliProject,2016-06-16T04:49:16Z
61263248,https://github.com/nikimt/ntubacki.me,nikimt,2016-06-16T04:54:32Z
61261368,https://github.com/mynamexiaomili/-,mynamexiaomili,2016-06-16T04:09:41Z
61261759,https://github.com/Yotzee/cnc-batch-load,Yotzee,2016-06-16T04:18:54Z
61262207,https://github.com/etdev/angular-template,etdev,2016-06-16T04:29:04Z
61262987,https://github.com/AuxiliumRoa/pitch-in,AuxiliumRoa,2016-06-16T04:48:30Z
61260941,https://github.com/libdong/libdong.github.io,libdong,2016-06-16T04:00:45Z
61263480,https://github.com/cile-bgd/active-directory-angularjs-singlepageapp,cile-bgd,2016-06-16T04:59:49Z
61261963,https://github.com/freaksauce/FB-Bot,freaksauce,2016-06-16T04:23:50Z
61263012,https://github.com/anze-21/AJAX,anze-21,2016-06-16T04:49:10Z
61263044,https://github.com/afcsagir/Authentiction,afcsagir,2016-06-16T04:49:53Z
61262752,https://github.com/safaamostafa/caffeinehite36,safaamostafa,2016-06-16T04:42:43Z
61262855,https://github.com/ahunigel/express-jade-webapp,ahunigel,2016-06-16T04:45:13Z