209595501,https://github.com/knowBalpreet/json-to-es-mapping,knowBalpreet,2019-09-19T16:03:46Z
209595124,https://github.com/raptor1001/justbooked,raptor1001,2019-09-19T16:01:46Z
209598734,https://github.com/arcanis/astar-wasm,arcanis,2019-09-19T16:20:14Z
209594924,https://github.com/jakobrosenberg/sapper-tailwindcss-starter-minimal,jakobrosenberg,2019-09-19T16:00:46Z
209600727,https://github.com/m1l/Everything-Metric-Firefox,m1l,2019-09-19T16:30:34Z
209601469,https://github.com/piyush2896/Scratch_knockoff,piyush2896,2019-09-19T16:34:24Z
209602073,https://github.com/AnayoOleru/Writers-Scroll-Frontend,AnayoOleru,2019-09-19T16:37:22Z
209605571,https://github.com/AngelGrigorov/JS-Back-End,AngelGrigorov,2019-09-19T16:54:52Z
209598477,https://github.com/domhaas/react-jsonschema-form-theme-blueprintjs,domhaas,2019-09-19T16:18:45Z
209602605,https://github.com/SvenKranz1991/Petition_Project,SvenKranz1991,2019-09-19T16:39:47Z
209601047,https://github.com/VishalSharma-365/Node-Weather-Website,VishalSharma-365,2019-09-19T16:32:17Z
209606357,https://github.com/Zablyk/9-forkify,Zablyk,2019-09-19T16:59:04Z
209603207,https://github.com/jasmedia/gy-downloader,jasmedia,2019-09-19T16:42:57Z
209602877,https://github.com/mertdagistan/MVCBlogAndAdminPanel,mertdagistan,2019-09-19T16:41:06Z
209599115,https://github.com/ReactNativeSchool/react-native-styled-components-demo,ReactNativeSchool,2019-09-19T16:22:16Z
209594967,https://github.com/Mikearaya/first_solidity,Mikearaya,2019-09-19T16:01:01Z
209602705,https://github.com/abnerisrael/Debts,abnerisrael,2019-09-19T16:40:13Z
209598767,https://github.com/tasdid/docker-node-mongo-graphql-starter,tasdid,2019-09-19T16:20:22Z
209603769,https://github.com/mkhaikin/noticeboard,mkhaikin,2019-09-19T16:45:58Z
209600344,https://github.com/JacobThomasNavarro/mostWanted,JacobThomasNavarro,2019-09-19T16:28:39Z
209597617,https://github.com/manzettidenis/talk-nodebr-tdd-functional,manzettidenis,2019-09-19T16:14:18Z
209596833,https://github.com/wvict/domino-game,wvict,2019-09-19T16:10:04Z
209598453,https://github.com/ryanblock/eslint-plugin-no-placeholder-globals,ryanblock,2019-09-19T16:18:38Z
209603892,https://github.com/rafcsoares/RobbysonWebGLPage,rafcsoares,2019-09-19T16:46:36Z
209600860,https://github.com/audefaucheux/chuck-norris-joke-generator,audefaucheux,2019-09-19T16:31:20Z
209600086,https://github.com/absolute-music/Discord.js-template,absolute-music,2019-09-19T16:27:24Z
209596594,https://github.com/taneryener/getir-case-study,taneryener,2019-09-19T16:08:53Z
209595879,https://github.com/john-smilga/firebase-basic-app,john-smilga,2019-09-19T16:05:37Z
209599555,https://github.com/SvenKranz1991/SocialNetwork_Project,SvenKranz1991,2019-09-19T16:24:39Z
209598891,https://github.com/RadoslavPavlinchov/JS-Advanced-September-2019,RadoslavPavlinchov,2019-09-19T16:21:01Z
209606039,https://github.com/bhaktijkoli/reactjs-workshop,bhaktijkoli,2019-09-19T16:57:17Z
209595574,https://github.com/WrungCodes/Artisan-Admin-Api-,WrungCodes,2019-09-19T16:04:08Z
209601872,https://github.com/sujeetkryadav/polymer-webcomponent,sujeetkryadav,2019-09-19T16:36:15Z
209605186,https://github.com/BERIST/BERIST.github.io,BERIST,2019-09-19T16:53:09Z
209605309,https://github.com/KanteLabs/Begone-TripleByte,KanteLabs,2019-09-19T16:53:48Z
209597132,https://github.com/benkoval/tic-tac-toe,benkoval,2019-09-19T16:11:40Z
209598732,https://github.com/dyahnrchls/news-app,dyahnrchls,2019-09-19T16:20:13Z
209597853,https://github.com/L200170100/L200170100.github.io,L200170100,2019-09-19T16:15:29Z
209602576,https://github.com/RichardKuduk/NodeJs-Express-GraphQL-App,RichardKuduk,2019-09-19T16:39:41Z
209597953,https://github.com/Rinjax/game-celeb,Rinjax,2019-09-19T16:15:56Z
209606078,https://github.com/Ikjot10/Color-game,Ikjot10,2019-09-19T16:57:28Z
209605126,https://github.com/EgleLu/Simple-React-projects,EgleLu,2019-09-19T16:52:56Z
209603853,https://github.com/RohitIslam/OCR-Image-to-PDF-converter,RohitIslam,2019-09-19T16:46:23Z
209603382,https://github.com/patrickweiss/m2-mongoose-introduction,patrickweiss,2019-09-19T16:43:55Z
209602110,https://github.com/NicholasAldoLeone/Quiz-Application,NicholasAldoLeone,2019-09-19T16:37:34Z
209601219,https://github.com/saykaren/MaireExercises92019,saykaren,2019-09-19T16:33:14Z
209602822,https://github.com/Jimexa/react_tables,Jimexa,2019-09-19T16:40:51Z
209599545,https://github.com/MuhammadMehran/contactmanager,MuhammadMehran,2019-09-19T16:24:37Z
209601542,https://github.com/objStevo/DiceGame,objStevo,2019-09-19T16:34:42Z
209595980,https://github.com/diaodiallo/validation_rules_entryform,diaodiallo,2019-09-19T16:06:10Z
209597356,https://github.com/Dobrovolskyi-Yuriy/Kanban-Board-ReactJS,Dobrovolskyi-Yuriy,2019-09-19T16:12:57Z
209595572,https://github.com/chen-assert/DES-python,chen-assert,2019-09-19T16:04:08Z
209604194,https://github.com/jxiaoju/node.js-botservice,jxiaoju,2019-09-19T16:48:07Z
209595721,https://github.com/jacobbabberz/gatsby-starter-netlify-cms,jacobbabberz,2019-09-19T16:04:49Z
209599124,https://github.com/jeffnts/webcook,jeffnts,2019-09-19T16:22:20Z
209597682,https://github.com/730photo/architekxyz,730photo,2019-09-19T16:14:39Z
209597797,https://github.com/openhei/gatsbycoffee,openhei,2019-09-19T16:15:15Z
209600205,https://github.com/AnzhelaKondratieva/testcms,AnzhelaKondratieva,2019-09-19T16:27:56Z
209602973,https://github.com/igorandrade12/Igor,igorandrade12,2019-09-19T16:41:36Z
209602713,https://github.com/mryanalbert/Exercise-Tracker,mryanalbert,2019-09-19T16:40:16Z
209601289,https://github.com/enmanuel23x/Process-System-Simulator,enmanuel23x,2019-09-19T16:33:36Z
209601308,https://github.com/kilicfurkan/kuiz,kilicfurkan,2019-09-19T16:33:40Z
209596228,https://github.com/hamza15/Jenkins-Pipeline-Automation,hamza15,2019-09-19T16:07:10Z
209605800,https://github.com/csababalint91/template-literals,csababalint91,2019-09-19T16:56:05Z
209603237,https://github.com/WillzMu/penguin-saver,WillzMu,2019-09-19T16:43:06Z
209605101,https://github.com/tomzacchia/old_apple_web_clone,tomzacchia,2019-09-19T16:52:48Z
209596370,https://github.com/jinsoo49/jstube,jinsoo49,2019-09-19T16:07:50Z
209595589,https://github.com/Jason-Prince/Node-Sever-Testing-Guided,Jason-Prince,2019-09-19T16:04:12Z
209606048,https://github.com/carlosalberto05/Ahorcado,carlosalberto05,2019-09-19T16:57:19Z
209606323,https://github.com/GiselleMartinez006/BryanUniversity_WebDev,GiselleMartinez006,2019-09-19T16:58:49Z
209598579,https://github.com/timetoady/PersonalPortfolio,timetoady,2019-09-19T16:19:23Z
209603850,https://github.com/oliburt/calculator,oliburt,2019-09-19T16:46:22Z
209603959,https://github.com/TrevorOsterman/bookmarks-server,TrevorOsterman,2019-09-19T16:46:52Z
209604297,https://github.com/Maosaic/NPMtest,Maosaic,2019-09-19T16:48:37Z
209606446,https://github.com/samurrai/TranslateLearning,samurrai,2019-09-19T16:59:32Z
209606510,https://github.com/danielp28/Giphy-API,danielp28,2019-09-19T16:59:51Z
209605070,https://github.com/galithakshur/learn-notes,galithakshur,2019-09-19T16:52:39Z
209596127,https://github.com/davidivanovski/codeAClolApi,davidivanovski,2019-09-19T16:06:43Z
209597808,https://github.com/srgssj/VPM,srgssj,2019-09-19T16:15:17Z
209600242,https://github.com/alix808/alex.gilbert.orbitX.test,alix808,2019-09-19T16:28:05Z
209598989,https://github.com/WaldekP/vanilla-calculator,WaldekP,2019-09-19T16:21:33Z
209599042,https://github.com/ivankkdgtl/diplomskirad932013-back,ivankkdgtl,2019-09-19T16:21:52Z
209600142,https://github.com/bratyslav/test-snovio-react,bratyslav,2019-09-19T16:27:40Z
209600939,https://github.com/Ibenthinkin/Portfolio,Ibenthinkin,2019-09-19T16:31:44Z
209599726,https://github.com/rk202strayed/womanly-dogs,rk202strayed,2019-09-19T16:25:40Z
209596603,https://github.com/stenlikaranxha/stenlikaranxha.github.io,stenlikaranxha,2019-09-19T16:08:54Z
209597327,https://github.com/3mma0tis/diaz-oop,3mma0tis,2019-09-19T16:12:44Z
209598320,https://github.com/inceabdullah/Phaser-Ku--Pisleme,inceabdullah,2019-09-19T16:17:53Z
209598504,https://github.com/Surya-smart619/UI-TASK,Surya-smart619,2019-09-19T16:18:54Z
209597728,https://github.com/IPWright83/joyride-bug,IPWright83,2019-09-19T16:14:53Z
209601216,https://github.com/smeig007/HTMLandCSS,smeig007,2019-09-19T16:33:13Z
209602900,https://github.com/benita-laakso/MaterialUi,benita-laakso,2019-09-19T16:41:15Z
209598680,https://github.com/andrelr95/desafio-confere,andrelr95,2019-09-19T16:19:58Z
209605297,https://github.com/learn-co-students/js-data-structures-objects-lab-houston-web-080519,learn-co-students,2019-09-19T16:53:46Z
209595498,https://github.com/b-hill/cmt-website,b-hill,2019-09-19T16:03:44Z
209602593,https://github.com/YouRanju/CockSeparater,YouRanju,2019-09-19T16:39:44Z
209605383,https://github.com/RHartman99/cs-146,RHartman99,2019-09-19T16:54:08Z
209603349,https://github.com/wendellrodrigues/helipad-server,wendellrodrigues,2019-09-19T16:43:45Z
209605106,https://github.com/captmomo/D3Experiment,captmomo,2019-09-19T16:52:49Z
209605916,https://github.com/collective-soundworks/soundworks-service-file-system,collective-soundworks,2019-09-19T16:56:45Z
209602354,https://github.com/bcavus/getir-case-study-berkay,bcavus,2019-09-19T16:38:39Z
209603975,https://github.com/duygutmr/moneyConverter,duygutmr,2019-09-19T16:46:57Z
209604325,https://github.com/jxiaoju/botbusiness,jxiaoju,2019-09-19T16:48:44Z
209602907,https://github.com/ImFMx/Spam.1,ImFMx,2019-09-19T16:41:17Z
209597563,https://github.com/pabrig/imagen-app,pabrig,2019-09-19T16:14:03Z
209598883,https://github.com/rk202strayed/abiding-pail,rk202strayed,2019-09-19T16:20:59Z
209604694,https://github.com/umbliama/webpacksitetemplate,umbliama,2019-09-19T16:50:38Z
209604839,https://github.com/MaskuArun/react-song-details,MaskuArun,2019-09-19T16:51:29Z
209601174,https://github.com/JuanFe12/Pdf_viewer,JuanFe12,2019-09-19T16:32:57Z
209603016,https://github.com/thedankline/D3-Challenge,thedankline,2019-09-19T16:41:47Z
209600389,https://github.com/lenaschimmel/lebensmittelwarnung,lenaschimmel,2019-09-19T16:28:49Z
209600418,https://github.com/aws-lambda-functions/lambda-taskmaster-crud,aws-lambda-functions,2019-09-19T16:29:01Z
209599410,https://github.com/urvishah87/login,urvishah87,2019-09-19T16:23:50Z
209597137,https://github.com/KatoTimothy/vue-sandbox,KatoTimothy,2019-09-19T16:11:41Z
209597924,https://github.com/umair90rb/book-explore-react,umair90rb,2019-09-19T16:15:48Z
209598735,https://github.com/Build-Week-WunderList2-0/Backend,Build-Week-WunderList2-0,2019-09-19T16:20:14Z
209601696,https://github.com/zetagabriels/youtube-downloader-4,zetagabriels,2019-09-19T16:35:22Z
209600983,https://github.com/Tankcaster/ahh,Tankcaster,2019-09-19T16:31:56Z
209605445,https://github.com/beibeinevergiveup/MxOnline,beibeinevergiveup,2019-09-19T16:54:22Z
209605493,https://github.com/jeremiah-quill/to-do-list,jeremiah-quill,2019-09-19T16:54:34Z
209603871,https://github.com/danielres/blog.teamvision.co,danielres,2019-09-19T16:46:29Z
209604368,https://github.com/sujeetkryadav/react-with-litElement,sujeetkryadav,2019-09-19T16:48:56Z
209604462,https://github.com/imamrmdn/Simark,imamrmdn,2019-09-19T16:49:24Z
209598333,https://github.com/lakshmikarnati36/PastDate,lakshmikarnati36,2019-09-19T16:17:59Z
209596990,https://github.com/learn-co-students/react-component-updating-lab-seattle-web-071519,learn-co-students,2019-09-19T16:10:51Z
209595612,https://github.com/vasilikibalidou/URL-Shortener-Microservice,vasilikibalidou,2019-09-19T16:04:18Z
209595664,https://github.com/johnmogi/svg,johnmogi,2019-09-19T16:04:33Z
209595739,https://github.com/ivankkdgtl/diplomskirad932013,ivankkdgtl,2019-09-19T16:04:52Z
209599981,https://github.com/ConradPoos/MilkBot,ConradPoos,2019-09-19T16:26:54Z
209600051,https://github.com/AnderRivero/NodeClima,AnderRivero,2019-09-19T16:27:14Z
209597944,https://github.com/kdevbhuti/weatherApp,kdevbhuti,2019-09-19T16:15:52Z
209597492,https://github.com/WebHeroSchool/learn_promise,WebHeroSchool,2019-09-19T16:13:44Z
209596160,https://github.com/tos1n/Custom-Hotel-WebApp,tos1n,2019-09-19T16:06:52Z
209596503,https://github.com/jsd20190730/openweather-bot-solution,jsd20190730,2019-09-19T16:08:26Z
209601228,https://github.com/jdortegar/reddit-client-react,jdortegar,2019-09-19T16:33:18Z
209597785,https://github.com/casagrandes/PSWebCollector,casagrandes,2019-09-19T16:15:12Z
209598843,https://github.com/jamesacampbell/marp-deck-open-source-talk,jamesacampbell,2019-09-19T16:20:43Z
209598557,https://github.com/VCSantiago/ServeTest,VCSantiago,2019-09-19T16:19:17Z
209600088,https://github.com/Tankcaster/ahh-api,Tankcaster,2019-09-19T16:27:25Z
209599451,https://github.com/nicepersonality/porta-react-intro,nicepersonality,2019-09-19T16:24:02Z
209600667,https://github.com/rodrigomatosc/awardsservice,rodrigomatosc,2019-09-19T16:30:14Z
209599761,https://github.com/SuperSoma/SATJS,SuperSoma,2019-09-19T16:25:51Z
209594932,https://github.com/fraction/common-lint,fraction,2019-09-19T16:00:49Z
209601233,https://github.com/progerburik/cashback,progerburik,2019-09-19T16:33:21Z
209597666,https://github.com/ch04937/nove-server-testing-challenge,ch04937,2019-09-19T16:14:35Z
209601821,https://github.com/ArthurFritz/web-socket-node,ArthurFritz,2019-09-19T16:36:01Z
209596805,https://github.com/cjax44/react-movie-db,cjax44,2019-09-19T16:09:56Z
209602517,https://github.com/NickRamsey6/redux-counter,NickRamsey6,2019-09-19T16:39:28Z
209605453,https://github.com/adnanhashmi25/ieee01,adnanhashmi25,2019-09-19T16:54:24Z
209605128,https://github.com/hecpinheiro/Minesweeper,hecpinheiro,2019-09-19T16:52:56Z
209603861,https://github.com/veselinn16/native_guess_game,veselinn16,2019-09-19T16:46:27Z
209604009,https://github.com/subashaaa/mdl1,subashaaa,2019-09-19T16:47:09Z
209605929,https://github.com/webix-hub/legacy-extensions,webix-hub,2019-09-19T16:56:48Z
209603293,https://github.com/sheilaanguiano/nowInSpace,sheilaanguiano,2019-09-19T16:43:24Z
209597635,https://github.com/fzachary/bamazon,fzachary,2019-09-19T16:14:23Z
209604604,https://github.com/betterDamu/sz_190425_project,betterDamu,2019-09-19T16:50:13Z
209598048,https://github.com/mival/react-native-star-printer,mival,2019-09-19T16:16:24Z
209595550,https://github.com/LinYanZhao/jswork,LinYanZhao,2019-09-19T16:04:01Z
209602214,https://github.com/kenj0418/pipeline-conditional-approval,kenj0418,2019-09-19T16:38:02Z
209595791,https://github.com/SysSciAndHealth/SysSciReactViz,SysSciAndHealth,2019-09-19T16:05:09Z
209596989,https://github.com/learn-co-students/react-component-mounting-and-unmounting-lab-seattle-web-071519,learn-co-students,2019-09-19T16:10:51Z
209597248,https://github.com/ds-joy/Library_project,ds-joy,2019-09-19T16:12:16Z
209596274,https://github.com/gearup117/gearup117.github.io,gearup117,2019-09-19T16:07:26Z
209595127,https://github.com/NIConqueror/ASL--App-to-simplify-links,NIConqueror,2019-09-19T16:01:47Z
209605033,https://github.com/tweekslbc/prework-using-cloud-9,tweekslbc,2019-09-19T16:52:27Z
209603936,https://github.com/jacobashymo/components,jacobashymo,2019-09-19T16:46:46Z
209604674,https://github.com/Jhirai20/RateMyCake,Jhirai20,2019-09-19T16:50:34Z
209604438,https://github.com/GaitaAidaNadine/face-recognition-brain,GaitaAidaNadine,2019-09-19T16:49:17Z
209603543,https://github.com/jerrolb/chess,jerrolb,2019-09-19T16:44:45Z
209601165,https://github.com/curtisgreene/instagram-clone,curtisgreene,2019-09-19T16:32:54Z
209602084,https://github.com/xnikolov/React-PhoneCommerce,xnikolov,2019-09-19T16:37:26Z
209606333,https://github.com/jantapabh/React-lab3sa03_6035512034_Sent-this,jantapabh,2019-09-19T16:58:54Z
209606403,https://github.com/PanopticLabs/socket-server,PanopticLabs,2019-09-19T16:59:18Z
209599717,https://github.com/mpuche3/ControlModelChecker,mpuche3,2019-09-19T16:25:38Z
209595619,https://github.com/neoatlantis/password-deaddrop,neoatlantis,2019-09-19T16:04:20Z
209601549,https://github.com/momentum-cohort-2019-09/w2-form-validation-dawalker2017,momentum-cohort-2019-09,2019-09-19T16:34:44Z
209602148,https://github.com/Mastermind-Group/module-tracker-backend,Mastermind-Group,2019-09-19T16:37:43Z
209598326,https://github.com/ColinPeyrat/data-racket-bridge,ColinPeyrat,2019-09-19T16:17:56Z
209597700,https://github.com/L200170057/L200170057.github.io,L200170057,2019-09-19T16:14:44Z
209597553,https://github.com/paul-kelly-dit/msc-group-playground,paul-kelly-dit,2019-09-19T16:13:58Z
209596778,https://github.com/kanuff/chess,kanuff,2019-09-19T16:09:49Z
209596812,https://github.com/matassp/lapukai,matassp,2019-09-19T16:09:59Z
209596877,https://github.com/eugeniashurko/GraphBoxes,eugeniashurko,2019-09-19T16:10:18Z
209603149,https://github.com/nia-nyan/Full-Stack-Helsinki-Univ-2019,nia-nyan,2019-09-19T16:42:39Z
209601229,https://github.com/40823108/cp2019,40823108,2019-09-19T16:33:18Z
209605358,https://github.com/im-OJ/im-OJ.github.io,im-OJ,2019-09-19T16:54:05Z
209597379,https://github.com/dadaruyi/pinyougou-parent,dadaruyi,2019-09-19T16:13:04Z
209598006,https://github.com/randomkebab/teste,randomkebab,2019-09-19T16:16:12Z
209597180,https://github.com/dhanasekar13/crayondtask,dhanasekar13,2019-09-19T16:11:56Z
209596267,https://github.com/cspotcode/yarn-hoist-bug-repro,cspotcode,2019-09-19T16:07:24Z
209597781,https://github.com/ch04937/node-server-testing-guided,ch04937,2019-09-19T16:15:10Z
209597909,https://github.com/kemortan/React-Training,kemortan,2019-09-19T16:15:45Z
209596843,https://github.com/revwhyte/meteor-test,revwhyte,2019-09-19T16:10:07Z
209597258,https://github.com/nuwanma/SignalRChatApp-POC,nuwanma,2019-09-19T16:12:19Z
209603863,https://github.com/zack-fortier/Mi-Patio-Website,zack-fortier,2019-09-19T16:46:27Z
209600846,https://github.com/Amedomary/storybook-test,Amedomary,2019-09-19T16:31:17Z
209599973,https://github.com/LePashtet/Front-end-16Hillel,LePashtet,2019-09-19T16:26:50Z
209602934,https://github.com/idforggt/json-form-manager,idforggt,2019-09-19T16:41:23Z
209603622,https://github.com/Andrydood/us-frontend,Andrydood,2019-09-19T16:45:06Z
209595553,https://github.com/cecimermoz/rompecabeza,cecimermoz,2019-09-19T16:04:02Z
209602934,https://github.com/idforggt/json-form-manager,idforggt,2019-09-19T16:41:23Z
209603081,https://github.com/varit05/v-busy,varit05,2019-09-19T16:42:13Z
209605133,https://github.com/Bipbip215/Star-Wars,Bipbip215,2019-09-19T16:52:57Z
209606385,https://github.com/MichelleTanzil/Ninja-Man-World,MichelleTanzil,2019-09-19T16:59:12Z
209604355,https://github.com/annasedlar/Exercise-Company,annasedlar,2019-09-19T16:48:53Z
209599267,https://github.com/K3rpal/Weekly-assignment-02,K3rpal,2019-09-19T16:23:06Z
209600587,https://github.com/ryanbrutocao/burger,ryanbrutocao,2019-09-19T16:29:53Z
209600752,https://github.com/juliennebay/searchCats,juliennebay,2019-09-19T16:30:41Z
209600474,https://github.com/Tsj215/redux-demo,Tsj215,2019-09-19T16:29:22Z
209598309,https://github.com/BlockVisors/Buyer-ecom-template,BlockVisors,2019-09-19T16:17:51Z
209598409,https://github.com/Build-Week-WunderList2-0/Frontend,Build-Week-WunderList2-0,2019-09-19T16:18:25Z
209600015,https://github.com/robbtraister/composition-streams,robbtraister,2019-09-19T16:27:05Z
209598789,https://github.com/VLadYxa343/nodeVerny,VLadYxa343,2019-09-19T16:20:29Z
209599608,https://github.com/PhyrionX/test,PhyrionX,2019-09-19T16:24:56Z
209597322,https://github.com/lchenbb/IntelligentAgent,lchenbb,2019-09-19T16:12:43Z
209599708,https://github.com/Mamun-swe/kahon.com.bd,Mamun-swe,2019-09-19T16:25:34Z
209597786,https://github.com/forseti/docker-k8s-workout,forseti,2019-09-19T16:15:12Z
209603813,https://github.com/OlukaDenis/HTML_Form,OlukaDenis,2019-09-19T16:46:11Z
209605103,https://github.com/Les-Quatre-Mousquetaires/DoraSound-API,Les-Quatre-Mousquetaires,2019-09-19T16:52:48Z
209601770,https://github.com/nodamu/fib-multi-docker,nodamu,2019-09-19T16:35:45Z
209596988,https://github.com/learn-co-students/react-component-mounting-lab-seattle-web-071519,learn-co-students,2019-09-19T16:10:51Z
209599687,https://github.com/zhouhong12345/Node-js,zhouhong12345,2019-09-19T16:25:27Z
209597207,https://github.com/therealyiito/therealyiito.github.io,therealyiito,2019-09-19T16:12:04Z
209596772,https://github.com/kavyabohra/my-react-app,kavyabohra,2019-09-19T16:09:47Z
209595657,https://github.com/abrar-farhad-nirjhar/simple_pagination,abrar-farhad-nirjhar,2019-09-19T16:04:31Z
209598965,https://github.com/Btstark22/Bamazon,Btstark22,2019-09-19T16:21:24Z
209600021,https://github.com/TopDeuse/profi.ru-test-task,TopDeuse,2019-09-19T16:27:07Z
209599326,https://github.com/lambdas-aws/lambda-taskmaster-crud,lambdas-aws,2019-09-19T16:23:24Z
209599441,https://github.com/div88/cntDwn,div88,2019-09-19T16:24:00Z
209602331,https://github.com/dollarstir/pos,dollarstir,2019-09-19T16:38:32Z
209596521,https://github.com/pedrodiogoneto/userProfileTest,pedrodiogoneto,2019-09-19T16:08:30Z
209603967,https://github.com/Riverface/galactic-age-calculator,Riverface,2019-09-19T16:46:54Z
209604067,https://github.com/dh20199/01-blog-MikeSlob,dh20199,2019-09-19T16:47:26Z
209605636,https://github.com/momentum-cohort-2019-09/w2-form-validation-agizzi,momentum-cohort-2019-09,2019-09-19T16:55:13Z
209602439,https://github.com/paulorochadeveloper/webpack,paulorochadeveloper,2019-09-19T16:39:03Z
209602097,https://github.com/crileroro/docker-kubernetes,crileroro,2019-09-19T16:37:30Z
209603753,https://github.com/atooomik/Pokedex,atooomik,2019-09-19T16:45:52Z
209598404,https://github.com/fraincs/storybook-poc,fraincs,2019-09-19T16:18:23Z
209601870,https://github.com/MajoEstrada20/Tarea6,MajoEstrada20,2019-09-19T16:36:14Z
209596740,https://github.com/Jon70/ModernProgrammingPlatforms,Jon70,2019-09-19T16:09:39Z
209596837,https://github.com/NaomiPrice/react-intro-lecture-notes,NaomiPrice,2019-09-19T16:10:04Z
209600315,https://github.com/scottcreynolds/writersbewriting,scottcreynolds,2019-09-19T16:28:26Z
209597943,https://github.com/Manibh27/ToDoDesign,Manibh27,2019-09-19T16:15:52Z
209600732,https://github.com/pearlonzo/WIT_WEEK4_CHALLENGE1,pearlonzo,2019-09-19T16:30:36Z
209597554,https://github.com/brayanvicente/Nuevorepositorio,brayanvicente,2019-09-19T16:13:59Z
209603642,https://github.com/jodorganistaca/authDoc,jodorganistaca,2019-09-19T16:45:13Z
209599542,https://github.com/smeig007/JavaScript-Complete-Course,smeig007,2019-09-19T16:24:35Z
209601378,https://github.com/SufiaAshraf/Color-Game-Project,SufiaAshraf,2019-09-19T16:33:57Z
209597923,https://github.com/oleoliveira/dojo-cwi-docker,oleoliveira,2019-09-19T16:15:48Z
209596661,https://github.com/paulinevalero/irondeploy,paulinevalero,2019-09-19T16:09:13Z
209600508,https://github.com/mithlesh-kumar/react-native-session-demo,mithlesh-kumar,2019-09-19T16:29:32Z
209601012,https://github.com/freedomxam/https-github.com-freedomxam-storeApp,freedomxam,2019-09-19T16:32:06Z
209595566,https://github.com/sefnyn/unstacked,sefnyn,2019-09-19T16:04:05Z
209597555,https://github.com/jinonensk/354189-code-and-magick-18,jinonensk,2019-09-19T16:14:00Z
209596133,https://github.com/infantblack/NOKIA,infantblack,2019-09-19T16:06:44Z
209601744,https://github.com/hussnainwc/Qasim,hussnainwc,2019-09-19T16:35:38Z
209596180,https://github.com/WrungCodes/Artisan-Admin-Vue,WrungCodes,2019-09-19T16:06:58Z
209599899,https://github.com/Anderz900/lab-3-introduction-to-svg-d3-Anderz900,Anderz900,2019-09-19T16:26:29Z
209598916,https://github.com/HimanshuP90/Design-Pattern-JavaScript,HimanshuP90,2019-09-19T16:21:09Z
209595732,https://github.com/mcdoash/TriviaGameGenerator,mcdoash,2019-09-19T16:04:50Z
209605863,https://github.com/gopi014/gopiwedspriyanka,gopi014,2019-09-19T16:56:27Z
209603109,https://github.com/hacetheworld/githubuserfinder,hacetheworld,2019-09-19T16:42:23Z
209605510,https://github.com/laurodsa/practice01,laurodsa,2019-09-19T16:54:38Z
209603771,https://github.com/chauhansarvesh4/mind_web_reader_website,chauhansarvesh4,2019-09-19T16:45:59Z
209604630,https://github.com/skullquake/jsoops,skullquake,2019-09-19T16:50:19Z
209605902,https://github.com/alopezmancisidor/demo-kabanero,alopezmancisidor,2019-09-19T16:56:38Z
209599116,https://github.com/gavinwu23/it202-project1,gavinwu23,2019-09-19T16:22:16Z
209600191,https://github.com/mathmacedo/binary-to-decimal,mathmacedo,2019-09-19T16:27:50Z
209599348,https://github.com/LuisValdenecio/TheJsExercises,LuisValdenecio,2019-09-19T16:23:30Z
209597621,https://github.com/aldeka/miracle-generator,aldeka,2019-09-19T16:14:19Z
209601323,https://github.com/huangxia2000/demo,huangxia2000,2019-09-19T16:33:44Z
209598189,https://github.com/shanreed/Axios-CRUD-server,shanreed,2019-09-19T16:17:18Z
209601453,https://github.com/haingocvu/React-condition-list,haingocvu,2019-09-19T16:34:19Z
209598746,https://github.com/mkg20001/catbox-sequelize,mkg20001,2019-09-19T16:20:17Z
209597600,https://github.com/Proch92/iss,Proch92,2019-09-19T16:14:13Z
209595865,https://github.com/yagmurkocaoglu/HavaDurumu,yagmurkocaoglu,2019-09-19T16:05:32Z
209595885,https://github.com/keithlem/bike-rental,keithlem,2019-09-19T16:05:39Z
209600686,https://github.com/Klowar/gitusik,Klowar,2019-09-19T16:30:20Z
209597293,https://github.com/qiuey00/Dynamic-Web-Applications,qiuey00,2019-09-19T16:12:30Z
209603483,https://github.com/hendrikfolkerts/sesviewel,hendrikfolkerts,2019-09-19T16:44:25Z
209595383,https://github.com/powersimple/ngocomunicef,powersimple,2019-09-19T16:03:06Z
209598315,https://github.com/AirlinesReportingCorporation/fds-sandbox,AirlinesReportingCorporation,2019-09-19T16:17:52Z
209595528,https://github.com/Diego-11/LandingPages,Diego-11,2019-09-19T16:03:55Z
209596202,https://github.com/smeig007/JavaScript-Basics,smeig007,2019-09-19T16:07:04Z
209597486,https://github.com/stevebargelt/healthData,stevebargelt,2019-09-19T16:13:41Z
209598230,https://github.com/mmmowww/blog,mmmowww,2019-09-19T16:17:28Z
209602474,https://github.com/BBallare21/Password-Generator,BBallare21,2019-09-19T16:39:13Z
209602849,https://github.com/cb-kubecd/bdd-nhwpa-1568910205,cb-kubecd,2019-09-19T16:41:00Z
209595301,https://github.com/Jocej/my-travels,Jocej,2019-09-19T16:02:41Z
209600235,https://github.com/PK007PK/P05ReactCRA2,PK007PK,2019-09-19T16:28:03Z
209601560,https://github.com/balthazarely/showscout-deployed-express,balthazarely,2019-09-19T16:34:47Z
209600524,https://github.com/royvegard/royvegard.github.io,royvegard,2019-09-19T16:29:39Z
209602012,https://github.com/LuizFrL/typer,LuizFrL,2019-09-19T16:37:02Z
209604458,https://github.com/viniciusecp/instarocket,viniciusecp,2019-09-19T16:49:23Z
209604535,https://github.com/feng-0927/food-angular,feng-0927,2019-09-19T16:49:48Z
209601145,https://github.com/Mamun-swe/photoxpart,Mamun-swe,2019-09-19T16:32:47Z
209605113,https://github.com/FrankZou21/kataRemade,FrankZou21,2019-09-19T16:52:51Z
209604253,https://github.com/doanhieucodegym/Case_Case-studio_Game,doanhieucodegym,2019-09-19T16:48:24Z
209598421,https://github.com/MattRCole/bowling-kata,MattRCole,2019-09-19T16:18:27Z
209597741,https://github.com/ZeeshanAhmadKhalil/MPL_JS_programs,ZeeshanAhmadKhalil,2019-09-19T16:14:56Z
209603822,https://github.com/jokessenich/express-boilerplate,jokessenich,2019-09-19T16:46:13Z
209602375,https://github.com/LorenzoLando/privateToPrivate,LorenzoLando,2019-09-19T16:38:45Z
209605688,https://github.com/Dimarchetti/curso-web-moderno,Dimarchetti,2019-09-19T16:55:28Z
209601044,https://github.com/polugodin/react-2,polugodin,2019-09-19T16:32:17Z
209604771,https://github.com/JoCoKo/WebLab1,JoCoKo,2019-09-19T16:51:09Z
209598784,https://github.com/claudiasolbes/cakes-by-claudia-frontend,claudiasolbes,2019-09-19T16:20:27Z
209597952,https://github.com/WaySolutionsTechnology/Bot-nomina-webex,WaySolutionsTechnology,2019-09-19T16:15:56Z
209604382,https://github.com/BEllis0/twitter_bot,BEllis0,2019-09-19T16:49:02Z
209600106,https://github.com/thomas-avada/firestore-learn,thomas-avada,2019-09-19T16:27:30Z
209601509,https://github.com/Burketa/utfpr-seguranca,Burketa,2019-09-19T16:34:34Z
209598291,https://github.com/Brayden967/React-Native-MySQL-API,Brayden967,2019-09-19T16:17:45Z
209599411,https://github.com/jasonandmonte/analytics-tutorial,jasonandmonte,2019-09-19T16:23:50Z
209596820,https://github.com/sheshiot/SmartAsset_bc_sdk,sheshiot,2019-09-19T16:10:01Z
209595655,https://github.com/axelkovacki/spaceinvaders,axelkovacki,2019-09-19T16:04:30Z
209599169,https://github.com/twardcox/lambda_taskmaster_crud,twardcox,2019-09-19T16:22:34Z
209603310,https://github.com/Illyha/MovieSearchRedux,Illyha,2019-09-19T16:43:30Z
209603069,https://github.com/avermeulen/figlet-promised,avermeulen,2019-09-19T16:42:08Z
209604854,https://github.com/johnserrano15/react-avanzado,johnserrano15,2019-09-19T16:51:36Z
209599549,https://github.com/franmper/susuenoprecio,franmper,2019-09-19T16:24:38Z
209595497,https://github.com/95peeyush/firebase-js-integration,95peeyush,2019-09-19T16:03:44Z
209597458,https://github.com/JoelGauci/apigee-geomaps,JoelGauci,2019-09-19T16:13:34Z
209595917,https://github.com/MikhailVolkov1997/ReactCourse,MikhailVolkov1997,2019-09-19T16:05:50Z
209598093,https://github.com/rguerreroayon/JS.Proyecto1,rguerreroayon,2019-09-19T16:16:41Z
209597102,https://github.com/chenglaiyong/chenglaiyong.github.io,chenglaiyong,2019-09-19T16:11:30Z
209599680,https://github.com/ChrisBGraphics/GoogleFlightsAutomation,ChrisBGraphics,2019-09-19T16:25:25Z
209605015,https://github.com/sfalabs/test,sfalabs,2019-09-19T16:52:23Z
209595601,https://github.com/kingsoo123/burgerApp,kingsoo123,2019-09-19T16:04:15Z
209598376,https://github.com/Dalton098/cs476_sceneGraphs2,Dalton098,2019-09-19T16:18:13Z
209601166,https://github.com/a-o-semenov1989/todo,a-o-semenov1989,2019-09-19T16:32:55Z
209594871,https://github.com/Awfj/notes,Awfj,2019-09-19T16:00:33Z
209601828,https://github.com/grsbabu/WebexSamartSpacesHackathon2019,grsbabu,2019-09-19T16:36:03Z
209600624,https://github.com/vigneshwaran-chandrasekaran/react-mini-app,vigneshwaran-chandrasekaran,2019-09-19T16:30:04Z
209605867,https://github.com/JBarbas/Project_0,JBarbas,2019-09-19T16:56:30Z
209597862,https://github.com/Menilek/Habbit,Menilek,2019-09-19T16:15:31Z
209596480,https://github.com/learn-co-students/M4-DQ3-Conditional-Rendering-seattle-web-071519,learn-co-students,2019-09-19T16:08:19Z
209599299,https://github.com/pavelkeyzik/just-for-fun-server,pavelkeyzik,2019-09-19T16:23:16Z
209606496,https://github.com/fabriceLatri/Mern-Rush_Client,fabriceLatri,2019-09-19T16:59:46Z
209598347,https://github.com/matharoo/js-logviewer,matharoo,2019-09-19T16:18:01Z
209600852,https://github.com/SHShuvo/laravel_vue,SHShuvo,2019-09-19T16:31:18Z
209603626,https://github.com/Manojsinha1111/react_http_request,Manojsinha1111,2019-09-19T16:45:07Z
209605786,https://github.com/karina6188/lab-08-back-end,karina6188,2019-09-19T16:56:00Z
209602402,https://github.com/LqZww/miaodu-app,LqZww,2019-09-19T16:38:53Z
209603071,https://github.com/usmanbashir/review-master,usmanbashir,2019-09-19T16:42:08Z
209605262,https://github.com/yorkcook/aws,yorkcook,2019-09-19T16:53:34Z
209595668,https://github.com/dzheng24/lab-08-back-end,dzheng24,2019-09-19T16:04:33Z
209602853,https://github.com/duygutmr/monsterGame,duygutmr,2019-09-19T16:41:02Z
209603012,https://github.com/manishekaneja/hacker_news_frontend_zone,manishekaneja,2019-09-19T16:41:46Z
209598312,https://github.com/DavidFransch/decentralised-token-exchange,DavidFransch,2019-09-19T16:17:51Z
209598350,https://github.com/maquarius/CarStockApp,maquarius,2019-09-19T16:18:03Z
209597794,https://github.com/bcviscourse/lab-3-introduction-to-svg-d3-nazarenh,bcviscourse,2019-09-19T16:15:14Z
209595189,https://github.com/prattprattpratt/mapping-the-scriptures,prattprattpratt,2019-09-19T16:02:04Z
209597046,https://github.com/jerfonseca/NodeJsPrincipiante,jerfonseca,2019-09-19T16:11:09Z
209595290,https://github.com/andreas-optimizely/stripe-example,andreas-optimizely,2019-09-19T16:02:37Z
209597389,https://github.com/rustemkk/javascript-exercises,rustemkk,2019-09-19T16:13:08Z
209606057,https://github.com/ibnufajara17/data-alat-gps,ibnufajara17,2019-09-19T16:57:21Z
209602627,https://github.com/MrTuinky/claseweb,MrTuinky,2019-09-19T16:39:53Z
209604410,https://github.com/jxiaoju/create-zoombot,jxiaoju,2019-09-19T16:49:09Z
209605391,https://github.com/Garador/angularjs_starter1,Garador,2019-09-19T16:54:10Z
209605436,https://github.com/elmariachi111/apiplatform-demo,elmariachi111,2019-09-19T16:54:20Z
209601383,https://github.com/NofarPeled/Meme-Generator-App,NofarPeled,2019-09-19T16:33:58Z
209595530,https://github.com/kimxuanhong/phongkham,kimxuanhong,2019-09-19T16:03:55Z
209595832,https://github.com/alex067/fullstack_tutorial,alex067,2019-09-19T16:05:22Z
209596479,https://github.com/learn-co-students/react-dq-props-state-seattle-web-071519,learn-co-students,2019-09-19T16:08:19Z
209596558,https://github.com/abdulmuqsit10101/extension,abdulmuqsit10101,2019-09-19T16:08:40Z
209596207,https://github.com/abdoo-Brahimi/diesel_generator,abdoo-Brahimi,2019-09-19T16:07:05Z
209599400,https://github.com/prajwal2100/Jquery,prajwal2100,2019-09-19T16:23:47Z
209602189,https://github.com/jerrolb/ticTacToe,jerrolb,2019-09-19T16:37:57Z
209597848,https://github.com/ninjawiz1/react-state-coin-flipper--exercise,ninjawiz1,2019-09-19T16:15:28Z
209599207,https://github.com/RWDimbo/clickyGame,RWDimbo,2019-09-19T16:22:48Z
209599669,https://github.com/capitaine7/ipi9,capitaine7,2019-09-19T16:25:22Z
209598791,https://github.com/AnelVillegas/testing,AnelVillegas,2019-09-19T16:20:30Z
209600521,https://github.com/youlast/react-app,youlast,2019-09-19T16:29:39Z
209594856,https://github.com/daygifs/dgcodes,daygifs,2019-09-19T16:00:26Z
209599634,https://github.com/iUglyboi/Burger,iUglyboi,2019-09-19T16:25:06Z
209598408,https://github.com/aed-maver/project-pizzeria,aed-maver,2019-09-19T16:18:25Z
209603759,https://github.com/samikas/react-movie-app,samikas,2019-09-19T16:45:55Z
209603305,https://github.com/filipbaotic/Inertia,filipbaotic,2019-09-19T16:43:28Z
209597054,https://github.com/jeffscottward/acid-reflux,jeffscottward,2019-09-19T16:11:10Z
209604702,https://github.com/maticnetwork/genesis-contracts,maticnetwork,2019-09-19T16:50:42Z