57893072,https://github.com/riswandans/remoteshell,riswandans,2016-05-02T13:41:02Z
57893498,https://github.com/twelvestepdrupal/twelvestepintergroup,twelvestepdrupal,2016-05-02T13:48:03Z
57893337,https://github.com/MaxOgorodnikov/coins-app,MaxOgorodnikov,2016-05-02T13:45:48Z
57893509,https://github.com/xwdoor/Roommate--PHP,xwdoor,2016-05-02T13:48:21Z
57894148,https://github.com/yuly94/elaundry,yuly94,2016-05-02T13:59:47Z
57893037,https://github.com/anaellerannou/ppe_MESGUEN,anaellerannou,2016-05-02T13:40:29Z
57893385,https://github.com/CamilleGR/NF17_CVTheque,CamilleGR,2016-05-02T13:46:28Z
57892762,https://github.com/hrib/facephp,hrib,2016-05-02T13:35:53Z
57892266,https://github.com/Coop920/FRI,Coop920,2016-05-02T13:28:27Z
57892421,https://github.com/lunasoft2001/WebService,lunasoft2001,2016-05-02T13:30:48Z
57891227,https://github.com/ecr007/Primer-y-Ultimo-dia-del-mes,ecr007,2016-05-02T13:12:39Z
57892055,https://github.com/josselinh/MediaSorter,josselinh,2016-05-02T13:25:32Z
57892907,https://github.com/Clark-Nikdel-Powell/PHP-Utilities,Clark-Nikdel-Powell,2016-05-02T13:38:24Z
57893784,https://github.com/themeparkscms/Core,themeparkscms,2016-05-02T13:53:06Z
57890889,https://github.com/soderlind/multisite-block-registrations,soderlind,2016-05-02T13:06:35Z
57892630,https://github.com/JWizerd/CodeDynamicWebsites,JWizerd,2016-05-02T13:33:55Z
57893254,https://github.com/gramo173/project,gramo173,2016-05-02T13:44:14Z
57893931,https://github.com/guilhemoreau/FTF-WP,guilhemoreau,2016-05-02T13:55:58Z
57891692,https://github.com/ketlinmoura/oQueAcontece,ketlinmoura,2016-05-02T13:20:24Z
57890977,https://github.com/iainscott-rgu/MOCK2,iainscott-rgu,2016-05-02T13:08:05Z
57891286,https://github.com/ashishb888/homemadews,ashishb888,2016-05-02T13:13:55Z
57890563,https://github.com/TheHiddenHaku/reading-logs,TheHiddenHaku,2016-05-02T13:01:13Z
57893575,https://github.com/plcosta/rest-hospub,plcosta,2016-05-02T13:49:15Z
57894088,https://github.com/companypi/companypi,companypi,2016-05-02T13:58:45Z
57892864,https://github.com/oman36/anketa,oman36,2016-05-02T13:37:49Z
57892356,https://github.com/kashanmasud/Change-Management,kashanmasud,2016-05-02T13:29:46Z
57892040,https://github.com/fre556/WebFrameWorkB00073684,fre556,2016-05-02T13:25:19Z
57892625,https://github.com/barSasson/Gooch,barSasson,2016-05-02T13:33:53Z
57890920,https://github.com/niumumin/hahaha,niumumin,2016-05-02T13:07:04Z
57892843,https://github.com/JWizerd/Bootstrap2Wordpress,JWizerd,2016-05-02T13:37:30Z
57891500,https://github.com/imron11/LDAPtest,imron11,2016-05-02T13:17:33Z
57892472,https://github.com/markhowellsmead/mhm-user-createdate,markhowellsmead,2016-05-02T13:31:32Z
57893437,https://github.com/ByJohn/html-classlist,ByJohn,2016-05-02T13:47:13Z
57892753,https://github.com/gsduong/muagiv2,gsduong,2016-05-02T13:35:44Z
57893695,https://github.com/paulobaronista/Site-Bouts,paulobaronista,2016-05-02T13:51:32Z
57894042,https://github.com/amandeep10/Zend,amandeep10,2016-05-02T13:57:40Z
57891747,https://github.com/eriksape/laravel_blog_test,eriksape,2016-05-02T13:21:08Z
57891796,https://github.com/pierlabs/pier-sdk-php,pierlabs,2016-05-02T13:21:53Z
57891605,https://github.com/nataliandre/FloorApi,nataliandre,2016-05-02T13:19:10Z
57893789,https://github.com/nupill/litdigital,nupill,2016-05-02T13:53:16Z