77516291,https://github.com/ermu592275254/x-chat,ermu592275254,2016-12-28T08:26:05Z
77516128,https://github.com/sealday/hera,sealday,2016-12-28T08:23:41Z
77515056,https://github.com/lauriharpf/cocktails,lauriharpf,2016-12-28T08:08:55Z
77516421,https://github.com/kylebarron/kylebarron.github.io,kylebarron,2016-12-28T08:28:07Z
77516075,https://github.com/ClassicOldSong/KarasamaEgg,ClassicOldSong,2016-12-28T08:22:57Z
77515109,https://github.com/uSERken/html5-QR-BarCode,uSERken,2016-12-28T08:09:41Z
77516124,https://github.com/chenfeizhou/sikcms-v1.0,chenfeizhou,2016-12-28T08:23:36Z
77516694,https://github.com/bots-squad/creatures,bots-squad,2016-12-28T08:32:14Z
77516420,https://github.com/kaizhu256/node-grpc-lite,kaizhu256,2016-12-28T08:28:01Z
77517718,https://github.com/fdjiangwu/ebao,fdjiangwu,2016-12-28T08:46:45Z
77515989,https://github.com/OneWayTech/vue-update-query-mixin,OneWayTech,2016-12-28T08:21:48Z
77516521,https://github.com/Paul-Browne/fluid-text,Paul-Browne,2016-12-28T08:29:32Z
77516375,https://github.com/Jorgeewa/who-wants-to-be-a-millionaire-game,Jorgeewa,2016-12-28T08:27:30Z
77515015,https://github.com/sfujimotosfujimoto/elm-in-action,sfujimotosfujimoto,2016-12-28T08:08:17Z
77516857,https://github.com/kiyui/express-webpack-boilerplate,kiyui,2016-12-28T08:34:29Z
77516997,https://github.com/yolomachine/yolomachine.github.io,yolomachine,2016-12-28T08:36:51Z
77516018,https://github.com/darrynten/async-youtube-video,darrynten,2016-12-28T08:22:08Z
77517516,https://github.com/vivihuang/my-react-boilerplate,vivihuang,2016-12-28T08:44:08Z
77518095,https://github.com/iceking112/gallery-by-react,iceking112,2016-12-28T08:52:46Z
77516178,https://github.com/wubocong/bds-server,wubocong,2016-12-28T08:24:26Z
77515467,https://github.com/136871204/Christmas,136871204,2016-12-28T08:14:13Z
77514727,https://github.com/idandamri/Textrategia_BGU,idandamri,2016-12-28T08:03:22Z
77517403,https://github.com/Dan2Lin/BigData-datayuan,Dan2Lin,2016-12-28T08:42:45Z
77518482,https://github.com/yeshaoting/chrome-plugin-study,yeshaoting,2016-12-28T08:58:24Z
77515404,https://github.com/yonghuisd/b2b-view,yonghuisd,2016-12-28T08:13:25Z
77516781,https://github.com/madeinfree/treact,madeinfree,2016-12-28T08:33:23Z
77516871,https://github.com/vanslambrouckd/rapidiptv-epg,vanslambrouckd,2016-12-28T08:34:41Z
77515303,https://github.com/danielweissberger/DOMAutomation,danielweissberger,2016-12-28T08:12:11Z
77514766,https://github.com/Graceji/mobx-react,Graceji,2016-12-28T08:04:06Z
77517631,https://github.com/Mannimarco/ModernArt,Mannimarco,2016-12-28T08:45:28Z
77518340,https://github.com/wubocong/easy-collector-weapp,wubocong,2016-12-28T08:56:28Z
77518395,https://github.com/crapthings/grapher-tree-test,crapthings,2016-12-28T08:57:15Z
77515181,https://github.com/YoLoADR/taskList,YoLoADR,2016-12-28T08:10:27Z
77516250,https://github.com/Shagon1k/react-hw,Shagon1k,2016-12-28T08:25:37Z
77515485,https://github.com/fengke9411/webpack-tutorial,fengke9411,2016-12-28T08:14:34Z
77517623,https://github.com/DavNej/Memory-Game,DavNej,2016-12-28T08:45:22Z
77515794,https://github.com/Vinze/smart-mirror,Vinze,2016-12-28T08:18:59Z
77515814,https://github.com/TylerOlson/glarbot,TylerOlson,2016-12-28T08:19:13Z
77517418,https://github.com/tnguyen440/redux-weather,tnguyen440,2016-12-28T08:42:56Z
77518324,https://github.com/cuitaocrazy/my_music,cuitaocrazy,2016-12-28T08:56:13Z
77515947,https://github.com/lllllinli/TestSketchGit,lllllinli,2016-12-28T08:21:06Z
77514982,https://github.com/vishalvh/TASKCA,vishalvh,2016-12-28T08:07:46Z
77517253,https://github.com/Javierif/Maristapp,Javierif,2016-12-28T08:40:47Z
77515700,https://github.com/zhangpinguknow/testgit,zhangpinguknow,2016-12-28T08:17:40Z
77516616,https://github.com/true1star/react-redux-weather,true1star,2016-12-28T08:31:00Z
77515272,https://github.com/DumDumGeniuss/series-helper-backend,DumDumGeniuss,2016-12-28T08:11:38Z
77515300,https://github.com/IntegratedSolutionsNN/caretakers,IntegratedSolutionsNN,2016-12-28T08:12:05Z
77515500,https://github.com/cdwang1988/cdwang1988.github.io,cdwang1988,2016-12-28T08:14:49Z
77516523,https://github.com/dancaprima/Book-Store,dancaprima,2016-12-28T08:29:33Z
77518443,https://github.com/Travis-Code/FightingGame,Travis-Code,2016-12-28T08:57:56Z
77517849,https://github.com/sagarhoda/number-to-word,sagarhoda,2016-12-28T08:48:35Z
77516008,https://github.com/rajkumarkale/claime-BE,rajkumarkale,2016-12-28T08:22:00Z
77516840,https://github.com/SpaIns/CSS498-Django,SpaIns,2016-12-28T08:34:18Z
77515354,https://github.com/Jiasm/koa-multer,Jiasm,2016-12-28T08:12:46Z
77515440,https://github.com/quentinchap/first-person-movement,quentinchap,2016-12-28T08:13:53Z
77515856,https://github.com/Aquarius121/mobileservice-ionic,Aquarius121,2016-12-28T08:19:50Z
77515164,https://github.com/smallbonelu/arcade-game-master,smallbonelu,2016-12-28T08:10:12Z
77517398,https://github.com/yogesh707/singh,yogesh707,2016-12-28T08:42:42Z
77515636,https://github.com/jamchen/newman-auto-test,jamchen,2016-12-28T08:16:41Z
77517710,https://github.com/Kalimaha/fantamorto,Kalimaha,2016-12-28T08:46:38Z
77516547,https://github.com/mingz2013/fuck.geetest,mingz2013,2016-12-28T08:29:55Z
77515815,https://github.com/linevers1926/koa-wechat-learn,linevers1926,2016-12-28T08:19:14Z
77516358,https://github.com/swalschuler/BandInfo,swalschuler,2016-12-28T08:27:07Z
77517496,https://github.com/lliukui/custom,lliukui,2016-12-28T08:43:55Z
77516648,https://github.com/oswystan/studies,oswystan,2016-12-28T08:31:37Z
77515751,https://github.com/patklaey/ZermattReservationWebClient,patklaey,2016-12-28T08:18:16Z
77516515,https://github.com/CharlesQQ/Python_Data_Analyse,CharlesQQ,2016-12-28T08:29:27Z
77516623,https://github.com/webh5coco/forms,webh5coco,2016-12-28T08:31:05Z
77516655,https://github.com/wdeveloper2016/z-admin-react,wdeveloper2016,2016-12-28T08:31:44Z
77517361,https://github.com/true1star/react-redux-blog,true1star,2016-12-28T08:42:03Z
77515731,https://github.com/smalleast/angularjs-nav-item,smalleast,2016-12-28T08:18:04Z
77514620,https://github.com/Accelerate-net/zaitoonFirst,Accelerate-net,2016-12-28T08:01:45Z
77517967,https://github.com/lousaibiao/NFineByLou,lousaibiao,2016-12-28T08:50:18Z
77517607,https://github.com/a520ass/NodeProject,a520ass,2016-12-28T08:45:13Z
77516972,https://github.com/credit03/Blog,credit03,2016-12-28T08:36:27Z
77517479,https://github.com/yy0827-mengjiang/easyframebase,yy0827-mengjiang,2016-12-28T08:43:48Z
77514545,https://github.com/Yu-HsuanHuang/Ionic-Basic-SlidePage,Yu-HsuanHuang,2016-12-28T08:00:30Z
77515182,https://github.com/big67/big67.github.io,big67,2016-12-28T08:10:27Z
77516909,https://github.com/at3no/clonebook,at3no,2016-12-28T08:35:17Z
77518375,https://github.com/Disdude/DUDE,Disdude,2016-12-28T08:56:53Z
77516904,https://github.com/jimmijazz/hilite,jimmijazz,2016-12-28T08:35:14Z
77517273,https://github.com/wangpin34/chameleon-online,wangpin34,2016-12-28T08:41:00Z
77518030,https://github.com/bartw/react,bartw,2016-12-28T08:51:29Z
77515416,https://github.com/beyond-FE/cooking-vue,beyond-FE,2016-12-28T08:13:34Z
77516695,https://github.com/dorg11/http-api-helper,dorg11,2016-12-28T08:32:14Z
77517144,https://github.com/bjsunhe/fudan,bjsunhe,2016-12-28T08:39:05Z
77514952,https://github.com/xingyunzh/Envelope,xingyunzh,2016-12-28T08:07:19Z
77516193,https://github.com/Tunglete/BAITAPMONLAPTRINHMANG,Tunglete,2016-12-28T08:24:41Z
77516715,https://github.com/crimson12ed/quiz-app,crimson12ed,2016-12-28T08:32:35Z
77517149,https://github.com/gaoguoyang/music_node,gaoguoyang,2016-12-28T08:39:11Z
77516196,https://github.com/TheUnassigned/churn,TheUnassigned,2016-12-28T08:24:46Z
77516247,https://github.com/WindzCUHK/item-tree,WindzCUHK,2016-12-28T08:25:33Z
77517686,https://github.com/hy520/memeda,hy520,2016-12-28T08:46:19Z
77516556,https://github.com/angrycoding/regexp-lexer,angrycoding,2016-12-28T08:30:05Z
77516638,https://github.com/chaoli920029342/invitation,chaoli920029342,2016-12-28T08:31:27Z
77518300,https://github.com/ariel-zplinux/data-extractor-mern,ariel-zplinux,2016-12-28T08:55:46Z
77518316,https://github.com/spopov27/BrickBreakerGame,spopov27,2016-12-28T08:56:05Z
77515147,https://github.com/Vrq/SchedulerJS,Vrq,2016-12-28T08:10:03Z
77516007,https://github.com/true1star/react-redux,true1star,2016-12-28T08:22:00Z
77516985,https://github.com/kayakZ/git_test,kayakZ,2016-12-28T08:36:42Z
77518390,https://github.com/AdamMachera/noderampup,AdamMachera,2016-12-28T08:57:10Z
77515687,https://github.com/jeetparikh/freecodecamp-solutions,jeetparikh,2016-12-28T08:17:25Z
77515878,https://github.com/aprildd/ErrorServer,aprildd,2016-12-28T08:20:13Z
77514837,https://github.com/manas94gupta/Guess-the-Color,manas94gupta,2016-12-28T08:05:23Z
77515180,https://github.com/carlnordenfelt/lulo-plugin-cognito-user-pool-attributes,carlnordenfelt,2016-12-28T08:10:26Z
77514655,https://github.com/martec/anime_detail_generator,martec,2016-12-28T08:02:15Z
77517980,https://github.com/nodejs-team/mcake-activity,nodejs-team,2016-12-28T08:50:41Z
77517026,https://github.com/dbrous/dabro1,dbrous,2016-12-28T08:37:17Z
77516254,https://github.com/Cangyuan/react,Cangyuan,2016-12-28T08:25:41Z
77514570,https://github.com/chyzwar/babel-preset-node7,chyzwar,2016-12-28T08:01:02Z
77514713,https://github.com/unlabeled/reactMobx,unlabeled,2016-12-28T08:03:08Z
77514892,https://github.com/danielweissberger/MemoryGame,danielweissberger,2016-12-28T08:06:05Z
77514902,https://github.com/davielias/MatchMaker,davielias,2016-12-28T08:06:23Z
77515201,https://github.com/kaskalis/msc,kaskalis,2016-12-28T08:10:38Z
77518406,https://github.com/BaeCheolHan/HoneyFactory,BaeCheolHan,2016-12-28T08:57:24Z
77516637,https://github.com/zelenskiy1104/nd-3-2.3,zelenskiy1104,2016-12-28T08:31:27Z
77515821,https://github.com/rpakdel/arduino-t002,rpakdel,2016-12-28T08:19:20Z
77516947,https://github.com/elminsterrr/Tic-Tac-Toe-Game,elminsterrr,2016-12-28T08:35:57Z
77515023,https://github.com/sapson/garage,sapson,2016-12-28T08:08:23Z
77516742,https://github.com/mov1er/vue-demo-page,mov1er,2016-12-28T08:32:54Z
77517427,https://github.com/nguyenvu12/react-metismenu2,nguyenvu12,2016-12-28T08:43:06Z
77518383,https://github.com/MaxGetFree/IonicProject,MaxGetFree,2016-12-28T08:57:02Z
77518022,https://github.com/guodong/node-file-service,guodong,2016-12-28T08:51:22Z
77517647,https://github.com/JazzleWare/www.jazzle.org,JazzleWare,2016-12-28T08:45:40Z
77517725,https://github.com/seeUagain/myApp,seeUagain,2016-12-28T08:46:48Z
77516446,https://github.com/qgouaze/semanticairbnb,qgouaze,2016-12-28T08:28:28Z