2060256,https://github.com/brandonjwang/Javascript-Flowchart,brandonjwang,2011-07-17T02:06:42Z
2060352,https://github.com/klauswuestefeld/sovcomp.net,klauswuestefeld,2011-07-17T02:41:16Z
2060400,https://github.com/deminew/circle-pong-extension,deminew,2011-07-17T02:59:11Z
2060358,https://github.com/mavlee/WebGLSpheres,mavlee,2011-07-17T02:43:50Z
2060391,https://github.com/spikegrobstein/boxee_autolauncher,spikegrobstein,2011-07-17T02:56:17Z