201874982,https://github.com/MrAbdelrahman10/open-magazine,MrAbdelrahman10,2019-08-12T06:55:34Z
201868273,https://github.com/loureirorg/wordpress-plugin-export-users,loureirorg,2019-08-12T06:09:46Z
201872328,https://github.com/damejidlo/phpstan-nette-tester,damejidlo,2019-08-12T06:38:43Z
201869246,https://github.com/sibajeeray/dipti_2,sibajeeray,2019-08-12T06:17:14Z
201867195,https://github.com/mylosers/sku,mylosers,2019-08-12T06:01:20Z
201871228,https://github.com/rakeshy1116/Online-Exam-Portal,rakeshy1116,2019-08-12T06:31:12Z
201871232,https://github.com/RifqiErawan/unisite_id,RifqiErawan,2019-08-12T06:31:13Z
201873305,https://github.com/justmen/feed,justmen,2019-08-12T06:45:37Z
201873034,https://github.com/mickaelsouzadev/Tem-Barbada,mickaelsouzadev,2019-08-12T06:43:56Z
201870282,https://github.com/Yash-Kudesia/HMC,Yash-Kudesia,2019-08-12T06:24:27Z
201867241,https://github.com/MrWhy023/Spam-Call-by-MrWhy023,MrWhy023,2019-08-12T06:01:41Z
201874784,https://github.com/6131548/alipay,6131548,2019-08-12T06:54:15Z
201869074,https://github.com/plesk/composer-command-info,plesk,2019-08-12T06:15:51Z
201870393,https://github.com/jrtlaguna/coding-challenge-event,jrtlaguna,2019-08-12T06:25:09Z
201872079,https://github.com/dipak-mahato/SMS,dipak-mahato,2019-08-12T06:37:01Z
201870055,https://github.com/Marchinka90/multilang,Marchinka90,2019-08-12T06:22:57Z
201874722,https://github.com/MionNara/PHP_practice,MionNara,2019-08-12T06:53:50Z
201873447,https://github.com/hiroshikuze/get-thumbnail-from-pagepeeker,hiroshikuze,2019-08-12T06:46:30Z
201872195,https://github.com/6131548/wx_jsapi,6131548,2019-08-12T06:37:51Z
201868477,https://github.com/chudniy/api-test,chudniy,2019-08-12T06:11:14Z
201873179,https://github.com/arjun391c/flood,arjun391c,2019-08-12T06:44:51Z
201871263,https://github.com/Safarov-E/WordPress-cardboard,Safarov-E,2019-08-12T06:31:25Z
201871309,https://github.com/proxiez-max/PHP,proxiez-max,2019-08-12T06:31:45Z
201870362,https://github.com/planta/Caritas,planta,2019-08-12T06:24:56Z
201872767,https://github.com/kanchan-21/phpRESTAPI,kanchan-21,2019-08-12T06:41:52Z
201874574,https://github.com/77web/api-platform-playground,77web,2019-08-12T06:52:55Z
201867113,https://github.com/fiqahalim/website-example,fiqahalim,2019-08-12T06:00:48Z
201874018,https://github.com/creativepropulsionlabs/commerce_groupon,creativepropulsionlabs,2019-08-12T06:49:24Z
201869644,https://github.com/GSCloud/mini,GSCloud,2019-08-12T06:19:58Z
201871242,https://github.com/ryssbowh/pingu-block-module,ryssbowh,2019-08-12T06:31:18Z
201872095,https://github.com/balbeeryadav/git-traning,balbeeryadav,2019-08-12T06:37:10Z
201872303,https://github.com/LiuJinDou/Yii,LiuJinDou,2019-08-12T06:38:34Z
201872392,https://github.com/mamsysuser/CricketApplication,mamsysuser,2019-08-12T06:39:04Z
201870854,https://github.com/reinaldy240895/testingopenshift,reinaldy240895,2019-08-12T06:28:20Z
201870863,https://github.com/Iguchi-Hiroki/php.laravel.bak,Iguchi-Hiroki,2019-08-12T06:28:25Z
201874190,https://github.com/Kiwar86/Trans,Kiwar86,2019-08-12T06:50:26Z
201871573,https://github.com/pickuse2013/ffmpegTest,pickuse2013,2019-08-12T06:33:38Z
201870769,https://github.com/wengee/teddy-sample,wengee,2019-08-12T06:27:48Z
201871451,https://github.com/ryssbowh/pingu-info-module,ryssbowh,2019-08-12T06:32:44Z
201871286,https://github.com/hoshino5525/ubiquitous-barnacle,hoshino5525,2019-08-12T06:31:35Z
201869044,https://github.com/b2evolution/code_highlight_plugin,b2evolution,2019-08-12T06:15:41Z
201875008,https://github.com/Azat8/booking,Azat8,2019-08-12T06:55:41Z