148184850,https://github.com/scorelab/BT,scorelab,2018-09-10T16:23:23Z
148188141,https://github.com/RohitAwate/Summit,RohitAwate,2018-09-10T16:47:46Z
148185355,https://github.com/arnoschutijzer/unbg,arnoschutijzer,2018-09-10T16:26:50Z
148186404,https://github.com/goelaakash79/React-Weather-App,goelaakash79,2018-09-10T16:34:26Z
148183195,https://github.com/fruiz500/synthpass,fruiz500,2018-09-10T16:11:23Z
148185011,https://github.com/Jezzamonn/xoxo-2,Jezzamonn,2018-09-10T16:24:34Z
148187503,https://github.com/ChaliceG/lit,ChaliceG,2018-09-10T16:42:25Z
148183955,https://github.com/YounixM/ds-algo-js,YounixM,2018-09-10T16:17:15Z
148182951,https://github.com/Laverrr/blog,Laverrr,2018-09-10T16:09:34Z
148188343,https://github.com/tak1827/todoapp-ipfs-rinkeby,tak1827,2018-09-10T16:49:15Z
148185688,https://github.com/kaleemullah19/ReactTwowaybinding,kaleemullah19,2018-09-10T16:29:02Z
148186284,https://github.com/sairoutine/MARISA-HighLow,sairoutine,2018-09-10T16:33:33Z
148185406,https://github.com/Anne56njeri/Todo-app,Anne56njeri,2018-09-10T16:27:12Z
148182885,https://github.com/garvazsof/NeoBCBabies,garvazsof,2018-09-10T16:09:01Z
148183125,https://github.com/Glr-EVOluida/Loja,Glr-EVOluida,2018-09-10T16:10:48Z
148181892,https://github.com/z-------------/AutoPoke,z-------------,2018-09-10T16:01:52Z
148185722,https://github.com/NurcahyaAri/Simple-Todo-With-React-express,NurcahyaAri,2018-09-10T16:29:14Z
148185209,https://github.com/mvassaramo/mod3_project_frontend,mvassaramo,2018-09-10T16:25:53Z
148183843,https://github.com/zwqi188/loveFish,zwqi188,2018-09-10T16:16:17Z
148185240,https://github.com/marduke182/glovo,marduke182,2018-09-10T16:26:00Z
148182796,https://github.com/asa-taka/practice-grpc-blog,asa-taka,2018-09-10T16:08:26Z
148188945,https://github.com/oz1985oz/super,oz1985oz,2018-09-10T16:54:27Z
148186938,https://github.com/HelenChalmers/Survivor_Bracket_Capstone,HelenChalmers,2018-09-10T16:38:07Z
148183792,https://github.com/DariusPa/.TAIPT,DariusPa,2018-09-10T16:15:59Z
148183531,https://github.com/muyiwer/ProWatch,muyiwer,2018-09-10T16:14:07Z
148182055,https://github.com/MaryKattyVO/Portafolio,MaryKattyVO,2018-09-10T16:03:09Z
148188696,https://github.com/zhangluya/dadatu_reptile,zhangluya,2018-09-10T16:52:27Z
148182262,https://github.com/Siqister/envelope-advantage-mockup,Siqister,2018-09-10T16:04:44Z
148182007,https://github.com/cds-consensys/block-explorer,cds-consensys,2018-09-10T16:02:46Z
148185765,https://github.com/stjepad/LatinoExpress-capstone-react,stjepad,2018-09-10T16:29:38Z
148189312,https://github.com/wislanlins/clinica1,wislanlins,2018-09-10T16:57:36Z
148183692,https://github.com/daniloplima/sls-s3-aws,daniloplima,2018-09-10T16:15:16Z
148183753,https://github.com/happy-fe/react-antd-async-search-select,happy-fe,2018-09-10T16:15:42Z
148183543,https://github.com/capapchy/Mins.QuarkDoc,capapchy,2018-09-10T16:14:14Z
148181697,https://github.com/katerinalev1992/usero-CLI,katerinalev1992,2018-09-10T16:00:20Z
148189239,https://github.com/efog/azure-iothub-matrixcreator-sensors-reader,efog,2018-09-10T16:57:00Z
148184346,https://github.com/magnunleno/gdg-vue-intro,magnunleno,2018-09-10T16:19:57Z
148188801,https://github.com/pat2013/react-shopping-cart,pat2013,2018-09-10T16:53:19Z
148188842,https://github.com/khanniie/coordinate,khanniie,2018-09-10T16:53:40Z
148188246,https://github.com/hildasandberg/bitcoin-ticker,hildasandberg,2018-09-10T16:48:33Z
148187664,https://github.com/Freeongoo/javaee-jabsorb-crud,Freeongoo,2018-09-10T16:43:44Z
148187671,https://github.com/LuxPerfumeTeam/grace-shopper,LuxPerfumeTeam,2018-09-10T16:43:46Z
148181872,https://github.com/K-Rye/practice-node,K-Rye,2018-09-10T16:01:43Z
148184446,https://github.com/cuonghovan/react-auth,cuonghovan,2018-09-10T16:20:40Z
148183111,https://github.com/snappycodernet/toy-development,snappycodernet,2018-09-10T16:10:42Z
148184865,https://github.com/ReneeRiggins/MyLab1,ReneeRiggins,2018-09-10T16:23:28Z
148185642,https://github.com/MarkHale94/Mid-Stone-Project,MarkHale94,2018-09-10T16:28:39Z
148184957,https://github.com/archiveSmith/hack-hour-24,archiveSmith,2018-09-10T16:24:12Z
148184244,https://github.com/caralen/js-react,caralen,2018-09-10T16:19:18Z
148183156,https://github.com/hotdoghotdoghot/team1337,hotdoghotdoghot,2018-09-10T16:11:01Z
148189101,https://github.com/davidnicholastaylor/Memeotional,davidnicholastaylor,2018-09-10T16:55:45Z
148185913,https://github.com/DevGoplek/componentes,DevGoplek,2018-09-10T16:30:44Z
148185950,https://github.com/dragonboyytd/dragonwelcomebot,dragonboyytd,2018-09-10T16:31:03Z
148186084,https://github.com/rabdulsal/react-native-chat,rabdulsal,2018-09-10T16:32:01Z
148186745,https://github.com/shebinho/MEAN-MERN-Homework2,shebinho,2018-09-10T16:36:57Z
148189432,https://github.com/duongnd427/Project-Back-End,duongnd427,2018-09-10T16:58:47Z
148183906,https://github.com/gajendra1892/node-chat-app,gajendra1892,2018-09-10T16:16:54Z
148188376,https://github.com/dnikitop/dnikitop.github.io,dnikitop,2018-09-10T16:49:35Z
148183157,https://github.com/kgavhane702/java-allcoding-assignment,kgavhane702,2018-09-10T16:11:01Z
148189038,https://github.com/brenless/Color-Game,brenless,2018-09-10T16:55:15Z
148186575,https://github.com/nelsonthegr8/Timers,nelsonthegr8,2018-09-10T16:35:43Z
148186597,https://github.com/prav10194/alexa-preserve-context,prav10194,2018-09-10T16:35:54Z
148186131,https://github.com/udayanshevade/WebGL-experiment-egghead,udayanshevade,2018-09-10T16:32:22Z
148186175,https://github.com/infect-org/rda-lock-client,infect-org,2018-09-10T16:32:43Z
148186202,https://github.com/BrightspaceUI/breadcrumbs,BrightspaceUI,2018-09-10T16:32:57Z
148186348,https://github.com/sereno211/MyLab1,sereno211,2018-09-10T16:34:00Z
148185643,https://github.com/codemvs/node-restserver,codemvs,2018-09-10T16:28:39Z
148185955,https://github.com/bpaner21/BJ_2.1,bpaner21,2018-09-10T16:31:07Z
148187979,https://github.com/RaktimPrabal/Mongodb-project,RaktimPrabal,2018-09-10T16:46:31Z
148188045,https://github.com/abaranauskas/CSharp-Events-Delegates-and-Lambdas,abaranauskas,2018-09-10T16:47:02Z
148187109,https://github.com/carlo-colombo/shared-bookmarks-extensions,carlo-colombo,2018-09-10T16:39:28Z
148187547,https://github.com/laurenewright/ReactApp,laurenewright,2018-09-10T16:42:45Z
148182779,https://github.com/ugurdalkiran/React-Native-Infinite-ScrollView,ugurdalkiran,2018-09-10T16:08:18Z
148182803,https://github.com/varg/react-calculator,varg,2018-09-10T16:08:29Z
148182151,https://github.com/OnSwitchOff/TestApp,OnSwitchOff,2018-09-10T16:03:58Z
148183834,https://github.com/kashishbehl0310/Cop-Finder,kashishbehl0310,2018-09-10T16:16:15Z
148184872,https://github.com/Figamus/sale-sleuth,Figamus,2018-09-10T16:23:32Z
148187360,https://github.com/Hanleyjames/React-ticketcontrol-system,Hanleyjames,2018-09-10T16:41:14Z
148182054,https://github.com/Unifox-TanKwang/Project,Unifox-TanKwang,2018-09-10T16:03:08Z
148184365,https://github.com/pujasodha/qr-react-basic,pujasodha,2018-09-10T16:20:04Z
148186749,https://github.com/schmalliee/misc,schmalliee,2018-09-10T16:36:59Z
148182680,https://github.com/javascript-toolbox/Javascript-Basics-for-Beginners,javascript-toolbox,2018-09-10T16:07:44Z
148188894,https://github.com/BetaProjectWave/mockserver-httperror,BetaProjectWave,2018-09-10T16:54:06Z
148184672,https://github.com/pekko1215/artype,pekko1215,2018-09-10T16:22:11Z
148181860,https://github.com/jeo19/ecommerce-theme,jeo19,2018-09-10T16:01:37Z
148181748,https://github.com/capricornllc/capricorn-web,capricornllc,2018-09-10T16:00:47Z
148183727,https://github.com/Emiyashirou/klog,Emiyashirou,2018-09-10T16:15:28Z
148184505,https://github.com/Xarfo/PropTypes-Typechecking-II,Xarfo,2018-09-10T16:21:10Z
148181777,https://github.com/Juulis/JS_Recept,Juulis,2018-09-10T16:00:58Z
148187137,https://github.com/atrotter0/social-media-v2,atrotter0,2018-09-10T16:39:41Z
148186298,https://github.com/edgarsadler/Lab1,edgarsadler,2018-09-10T16:33:41Z
148185549,https://github.com/AlannnnnnL/Hamster,AlannnnnnL,2018-09-10T16:28:07Z
148186841,https://github.com/collierslocationintelligence/Leveraging-Our-Global-Platform,collierslocationintelligence,2018-09-10T16:37:24Z
148183495,https://github.com/hanumancode/React-Lyric-Finder-App,hanumancode,2018-09-10T16:13:49Z
148184202,https://github.com/Mystigan/test_json,Mystigan,2018-09-10T16:19:01Z
148187373,https://github.com/dinadhi/react-reservation-app-master,dinadhi,2018-09-10T16:41:22Z
148188405,https://github.com/mwahyusp/todo-list,mwahyusp,2018-09-10T16:49:52Z
148188200,https://github.com/SirLemuel/Auth-Boilerplate,SirLemuel,2018-09-10T16:48:12Z
148188953,https://github.com/CDanilo23/nodejs-backend-server,CDanilo23,2018-09-10T16:54:31Z
148189064,https://github.com/hildasandberg/hamburger,hildasandberg,2018-09-10T16:55:29Z
148183261,https://github.com/erixsss/TUGAS-12,erixsss,2018-09-10T16:11:56Z
148183320,https://github.com/pcfilicetti/trivia-game,pcfilicetti,2018-09-10T16:12:23Z
148182187,https://github.com/JellyLu/service-worker-demo,JellyLu,2018-09-10T16:04:15Z
148182292,https://github.com/Edsdover/broken-gif-app,Edsdover,2018-09-10T16:04:55Z
148186510,https://github.com/AdanStudent/ab-2.1,AdanStudent,2018-09-10T16:35:10Z
148186653,https://github.com/timngo2020/Node1,timngo2020,2018-09-10T16:36:21Z
148186352,https://github.com/teamupcube/jeopardy_for_teachers_server,teamupcube,2018-09-10T16:34:01Z
148185364,https://github.com/rajendradbpb/express-seed,rajendradbpb,2018-09-10T16:26:53Z
148186921,https://github.com/saracarlile/build-a-drum-machine,saracarlile,2018-09-10T16:37:59Z
148186984,https://github.com/Chmielewski69/snake,Chmielewski69,2018-09-10T16:38:27Z
148187066,https://github.com/setushah/FreeCodeCamp-Jamstack-helloworld,setushah,2018-09-10T16:39:09Z
148185707,https://github.com/CloudHu606/Breadcrumb_Navigation,CloudHu606,2018-09-10T16:29:09Z
148183917,https://github.com/minkieric/Class-Year,minkieric,2018-09-10T16:16:58Z
148182508,https://github.com/DustyBeatz/BootCampProject,DustyBeatz,2018-09-10T16:06:30Z
148185137,https://github.com/nick-pentecost/Lab1,nick-pentecost,2018-09-10T16:25:24Z
148185236,https://github.com/thev03/Breakout,thev03,2018-09-10T16:25:59Z
148183707,https://github.com/sspboyd/Mapping-USGS-Earthquake-Data-using-P5js,sspboyd,2018-09-10T16:15:21Z
148188622,https://github.com/yawshadi/apmarket,yawshadi,2018-09-10T16:51:37Z
148189265,https://github.com/BeRaTT33/denemetr,BeRaTT33,2018-09-10T16:57:14Z
148187793,https://github.com/Angelarmandol/PW_HTML,Angelarmandol,2018-09-10T16:44:54Z
148188495,https://github.com/JoshWomack/adv-js-drills,JoshWomack,2018-09-10T16:50:42Z
148188908,https://github.com/multirepo-demo/front.common,multirepo-demo,2018-09-10T16:54:12Z
148182995,https://github.com/julianopinheiro7/projWeb,julianopinheiro7,2018-09-10T16:09:55Z
148183383,https://github.com/yuanjli/react-films,yuanjli,2018-09-10T16:12:55Z
148183420,https://github.com/snony/game21,snony,2018-09-10T16:13:19Z
148184703,https://github.com/hechengyu/gis,hechengyu,2018-09-10T16:22:28Z
148181987,https://github.com/jMuzsik/project-library-fcc,jMuzsik,2018-09-10T16:02:37Z
148184013,https://github.com/DevGoplek/marketing-site,DevGoplek,2018-09-10T16:17:38Z
148188331,https://github.com/LouisLeon/NodeJS_Projects,LouisLeon,2018-09-10T16:49:06Z
148186282,https://github.com/tovarb/compusoluciones,tovarb,2018-09-10T16:33:32Z
148184195,https://github.com/lhswebmaster/lhswebmaster.github.io,lhswebmaster,2018-09-10T16:18:56Z
148184257,https://github.com/guangmingwan/electron-vue,guangmingwan,2018-09-10T16:19:23Z
148189016,https://github.com/CreativeArtDev/BusBooking,CreativeArtDev,2018-09-10T16:55:05Z
148186714,https://github.com/alexis-f-rich/Lab1,alexis-f-rich,2018-09-10T16:36:47Z
148186998,https://github.com/chandrakumarreddy/BookAPI,chandrakumarreddy,2018-09-10T16:38:33Z
148187034,https://github.com/Qusaiiii/royal4,Qusaiiii,2018-09-10T16:38:51Z
148188327,https://github.com/dongyawang/cms,dongyawang,2018-09-10T16:49:04Z
148185841,https://github.com/sterna-br/angularjs,sterna-br,2018-09-10T16:30:06Z
148188110,https://github.com/chlewicki/gulpboilerplate,chlewicki,2018-09-10T16:47:31Z
148189356,https://github.com/imprakhar7/hyperledger-tuna-app-example,imprakhar7,2018-09-10T16:57:56Z
148189429,https://github.com/hildasandberg/pizzabot-2,hildasandberg,2018-09-10T16:58:46Z
148185278,https://github.com/karthick212/api,karthick212,2018-09-10T16:26:12Z
148186758,https://github.com/DaniilD/DaniilD.github.io,DaniilD,2018-09-10T16:37:03Z
148187383,https://github.com/K7Rutsa/react-expense-tracker,K7Rutsa,2018-09-10T16:41:27Z
148189143,https://github.com/JBooker10/sandbox,JBooker10,2018-09-10T16:56:09Z
148189220,https://github.com/Kvek/OnlineMarket,Kvek,2018-09-10T16:56:49Z
148188224,https://github.com/CodeCoreYVR/class_demos_sept_2018,CodeCoreYVR,2018-09-10T16:48:25Z
148184649,https://github.com/anhnguyen1494/vpc,anhnguyen1494,2018-09-10T16:22:02Z
148181946,https://github.com/ebisu-voice-production/actions-sdk-example-echo-with-db,ebisu-voice-production,2018-09-10T16:02:19Z
148182541,https://github.com/christophermcolosi/MyLab1,christophermcolosi,2018-09-10T16:06:43Z
148182599,https://github.com/Exmintor/GraphicsProgramming,Exmintor,2018-09-10T16:07:04Z
148182646,https://github.com/dreamerjackson/docker-react,dreamerjackson,2018-09-10T16:07:28Z
148183031,https://github.com/schwarro/w10-d1-reinforcement,schwarro,2018-09-10T16:10:07Z
148187444,https://github.com/aliayounus84/MyLab1,aliayounus84,2018-09-10T16:41:53Z
148187516,https://github.com/nyinyinyanlin/audio-trans-app,nyinyinyanlin,2018-09-10T16:42:31Z
148187749,https://github.com/hildasandberg/address-book,hildasandberg,2018-09-10T16:44:25Z
148188531,https://github.com/DHilscher/echo,DHilscher,2018-09-10T16:51:00Z
148188735,https://github.com/ander2010/ander2010.github.io,ander2010,2018-09-10T16:52:46Z
148184405,https://github.com/angelhb/blockchain-starter-kit-20180910161946849,angelhb,2018-09-10T16:20:25Z
148188329,https://github.com/KaylaReid/mix-and-sip-capstone,KaylaReid,2018-09-10T16:49:05Z
148182667,https://github.com/SupportProject/prototype,SupportProject,2018-09-10T16:07:38Z
148185679,https://github.com/KhodeN/puppeteer,KhodeN,2018-09-10T16:28:57Z
148185808,https://github.com/jamiul/Online-Market-Place,jamiul,2018-09-10T16:29:55Z
148185898,https://github.com/LoreVazquez/Plutus-Money---Talend-Fest,LoreVazquez,2018-09-10T16:30:36Z
148186427,https://github.com/chrisrocco/arctosa-json,chrisrocco,2018-09-10T16:34:36Z
148187937,https://github.com/refaioussama/The-Last-Experience-Dance-Robot-JAVASCRIPT,refaioussama,2018-09-10T16:46:11Z
148183925,https://github.com/attojeon/nodejs_tut_restapi_router,attojeon,2018-09-10T16:17:00Z
148182390,https://github.com/EstudioVnW/desafio-cad-pessoas-react,EstudioVnW,2018-09-10T16:05:43Z
148186608,https://github.com/j-ornelas/roulette,j-ornelas,2018-09-10T16:36:00Z
148186115,https://github.com/sarvinder/ml5,sarvinder,2018-09-10T16:32:13Z
148185493,https://github.com/hortaemcasa/hortaemcasa.github.io,hortaemcasa,2018-09-10T16:27:44Z
148183133,https://github.com/natsoave/MarilynsHouse,natsoave,2018-09-10T16:10:52Z
148188521,https://github.com/jesussalazar-code/watson-discovery-ui,jesussalazar-code,2018-09-10T16:50:55Z
148189286,https://github.com/she-bop-shoppers/Grace-Shopper,she-bop-shoppers,2018-09-10T16:57:24Z
148188734,https://github.com/dcntrlzd/metamask-faucet-proxy,dcntrlzd,2018-09-10T16:52:45Z
148187268,https://github.com/meghabalaraju/Camping-App,meghabalaraju,2018-09-10T16:40:34Z
148182170,https://github.com/raualex/sorting-algorithms,raualex,2018-09-10T16:04:07Z
148181863,https://github.com/tedigor/treinamento-angular-parte-1,tedigor,2018-09-10T16:01:38Z
148181940,https://github.com/thinkful-ei22/kev-dev-spaced-rep-server,thinkful-ei22,2018-09-10T16:02:15Z
148183625,https://github.com/jefforulez/meowbot,jefforulez,2018-09-10T16:14:49Z
148183748,https://github.com/FlameToAsh/MyLab1,FlameToAsh,2018-09-10T16:15:40Z
148183796,https://github.com/LeeZhe/htmlData,LeeZhe,2018-09-10T16:16:03Z
148182883,https://github.com/Dimotai/dimotai-bot,Dimotai,2018-09-10T16:09:01Z
148182953,https://github.com/Dirksolomon/Androidgame,Dirksolomon,2018-09-10T16:09:36Z
148183090,https://github.com/minkieric/Advocate-,minkieric,2018-09-10T16:10:34Z
148184828,https://github.com/kakalima76/dotnetouvidoria,kakalima76,2018-09-10T16:23:15Z
148187114,https://github.com/TomohitoArakawa/todo_list,TomohitoArakawa,2018-09-10T16:39:30Z
148185127,https://github.com/AnaelBerrouet/lighthouse-js-fundamentals,AnaelBerrouet,2018-09-10T16:25:22Z
148189118,https://github.com/SandeepVaman/Node-App,SandeepVaman,2018-09-10T16:55:57Z
148184611,https://github.com/TKPNewYork/express-locallibrary-tutorial,TKPNewYork,2018-09-10T16:21:50Z
148182791,https://github.com/paulevmo/react-ski-free,paulevmo,2018-09-10T16:08:25Z
148187527,https://github.com/msjadhav1990/Accounts-ui,msjadhav1990,2018-09-10T16:42:36Z
148187908,https://github.com/KarolKlimaszewski/bmi_calculator,KarolKlimaszewski,2018-09-10T16:45:51Z
148181788,https://github.com/kuanyshoteu/bastau,kuanyshoteu,2018-09-10T16:01:03Z
148186577,https://github.com/Graceful-Hoppers/pogo2go,Graceful-Hoppers,2018-09-10T16:35:44Z
148186372,https://github.com/bbJonas/node-todo-api,bbJonas,2018-09-10T16:34:10Z
148187400,https://github.com/Tee88/Todo-app-react,Tee88,2018-09-10T16:41:34Z
148187440,https://github.com/ChariseS/MyLab1,ChariseS,2018-09-10T16:41:52Z
148187670,https://github.com/Grave-Shoppers/grace-shopper,Grave-Shoppers,2018-09-10T16:43:46Z
148184568,https://github.com/theartboy/lectureDemosProgramming,theartboy,2018-09-10T16:21:36Z
148182588,https://github.com/kyledwilson/ZEKsports,kyledwilson,2018-09-10T16:06:58Z
148182645,https://github.com/educlerici/react-cotizador,educlerici,2018-09-10T16:07:28Z
148189546,https://github.com/ProgramInc/Calculator,ProgramInc,2018-09-10T16:59:46Z
148189561,https://github.com/Evymendes/Receita-React-Native,Evymendes,2018-09-10T16:59:55Z
148188823,https://github.com/nschairer/CryptoParser,nschairer,2018-09-10T16:53:31Z
148187250,https://github.com/collierslocationintelligence/Process,collierslocationintelligence,2018-09-10T16:40:25Z
148182774,https://github.com/wroclawianka/graphical-dashboard,wroclawianka,2018-09-10T16:08:16Z
148187723,https://github.com/atulsm/react_basic_app,atulsm,2018-09-10T16:44:14Z
148181836,https://github.com/DarkHaliax96/FinalProjectAdsoftsito,DarkHaliax96,2018-09-10T16:01:24Z
148184112,https://github.com/johsire/learn-media-queries-dm,johsire,2018-09-10T16:18:19Z
148183368,https://github.com/jmn69/al-server,jmn69,2018-09-10T16:12:48Z
148183656,https://github.com/grahamspencer1/sept10-reinforcement,grahamspencer1,2018-09-10T16:15:02Z
148181735,https://github.com/dlmcewen/AT-POC,dlmcewen,2018-09-10T16:00:38Z
148186961,https://github.com/AliBahaari/ResolutionJS,AliBahaari,2018-09-10T16:38:14Z
148184152,https://github.com/ScottDenton/Code-Fellows-project,ScottDenton,2018-09-10T16:18:37Z
148185729,https://github.com/janderton/FlaskWebProject1,janderton,2018-09-10T16:29:17Z
148185820,https://github.com/ryanbrisentine/Lab1,ryanbrisentine,2018-09-10T16:30:01Z
148182375,https://github.com/anatolieGhebea/domoticNodeServer,anatolieGhebea,2018-09-10T16:05:37Z
148182376,https://github.com/FranciscoUribeSM/App.colas,FranciscoUribeSM,2018-09-10T16:05:38Z
148182491,https://github.com/angelhb/blockchain-starter-kit-20180910160244082,angelhb,2018-09-10T16:06:22Z
148186495,https://github.com/msjadhav1990/Transactions,msjadhav1990,2018-09-10T16:35:02Z
148185628,https://github.com/ilkcan/nodejs-examples,ilkcan,2018-09-10T16:28:33Z
148185630,https://github.com/marselmx/site-TestYii2,marselmx,2018-09-10T16:28:34Z
148187128,https://github.com/nlawcryptocompare/ccc-write-trades,nlawcryptocompare,2018-09-10T16:39:36Z
148187389,https://github.com/jremystav/js_2.1,jremystav,2018-09-10T16:41:28Z
148187735,https://github.com/raghupavan/SmartEnergyWater,raghupavan,2018-09-10T16:44:18Z
148185360,https://github.com/vbaicu/log-example,vbaicu,2018-09-10T16:26:52Z
148182345,https://github.com/josericardomezagonzalez/DJANGO-refuge-,josericardomezagonzalez,2018-09-10T16:05:23Z
148183264,https://github.com/MichaelKohler/neeo-mqtt-forwarding,MichaelKohler,2018-09-10T16:11:57Z
148182807,https://github.com/elvisguillen/teambuildr-app,elvisguillen,2018-09-10T16:08:32Z
148181738,https://github.com/IdleSolution/e-card,IdleSolution,2018-09-10T16:00:41Z
148183861,https://github.com/ppokyou/proj-gulp,ppokyou,2018-09-10T16:16:28Z
148186574,https://github.com/collierslocationintelligence/Current-Urban-Market-Core-Situation,collierslocationintelligence,2018-09-10T16:35:43Z
148181853,https://github.com/BorisNiloM/node-por-hacer,BorisNiloM,2018-09-10T16:01:32Z
148181861,https://github.com/aisujian/XiaoSuPinChe-WeApp,aisujian,2018-09-10T16:01:37Z
148184072,https://github.com/nishakumari129/music-album-app,nishakumari129,2018-09-10T16:18:02Z
148189339,https://github.com/Daniel-Cross/contact-manager,Daniel-Cross,2018-09-10T16:57:48Z
148182156,https://github.com/HongBangChu/trerep,HongBangChu,2018-09-10T16:04:00Z
148187881,https://github.com/cbuildci/cbuildci-ui,cbuildci,2018-09-10T16:45:34Z
148182391,https://github.com/acando2020/Mate-8,acando2020,2018-09-10T16:05:43Z
148183253,https://github.com/Brayzure/nova,Brayzure,2018-09-10T16:11:54Z
148183847,https://github.com/pvflessa/Github_Finder,pvflessa,2018-09-10T16:16:19Z
148186486,https://github.com/patgraczyk/week12_day1_hmwrk,patgraczyk,2018-09-10T16:35:01Z
148186341,https://github.com/alycapps/Burgers,alycapps,2018-09-10T16:33:58Z
148187040,https://github.com/TheD3c0y/gifty,TheD3c0y,2018-09-10T16:38:55Z
148183493,https://github.com/napiorkowskimd/senditeasy,napiorkowskimd,2018-09-10T16:13:48Z
148185000,https://github.com/L-u-n-a/musicCreator,L-u-n-a,2018-09-10T16:24:31Z
148185120,https://github.com/theomarshanti/UdemyChainSkillsDeployment,theomarshanti,2018-09-10T16:25:21Z
148187342,https://github.com/txstate-etc/search-featured-results,txstate-etc,2018-09-10T16:41:08Z
148188037,https://github.com/tgolakar/sample-cloud-native-toolchain-tutorial-20180910164538114,tgolakar,2018-09-10T16:47:00Z
148184923,https://github.com/akshitmonga/Petshop-Tutorial-Ethereum,akshitmonga,2018-09-10T16:23:55Z
148182940,https://github.com/hanlinaunghack/ToDoList,hanlinaunghack,2018-09-10T16:09:28Z
148188901,https://github.com/amithrko/Project10,amithrko,2018-09-10T16:54:09Z
148189178,https://github.com/Liquid-Labs/catalyst-core-api,Liquid-Labs,2018-09-10T16:56:28Z
148187452,https://github.com/mccleary/Pizza-App-MVO,mccleary,2018-09-10T16:41:59Z
148189099,https://github.com/Xeonice/design-mode,Xeonice,2018-09-10T16:55:44Z
148182298,https://github.com/moneymaker-sj/Decentralized-Voting,moneymaker-sj,2018-09-10T16:04:58Z
148182044,https://github.com/KamilJerzyWojcik/SLB-App-Music-2.0,KamilJerzyWojcik,2018-09-10T16:03:04Z
148187088,https://github.com/maxjeffwell/full-stack-capstone-server,maxjeffwell,2018-09-10T16:39:20Z
148182166,https://github.com/tranthithuhan/blockchain-js,tranthithuhan,2018-09-10T16:04:05Z
148182351,https://github.com/nisargparikh90/contactmanager,nisargparikh90,2018-09-10T16:05:25Z
148183272,https://github.com/uparulekar/test-build-record-1,uparulekar,2018-09-10T16:12:02Z
148183741,https://github.com/Big-Cats/server,Big-Cats,2018-09-10T16:15:36Z
148183754,https://github.com/gbosetti/todo-list-loopback-backend,gbosetti,2018-09-10T16:15:42Z
148182920,https://github.com/artembert/learn-reactjs.ru-basics,artembert,2018-09-10T16:09:19Z
148186594,https://github.com/MarcelAttinger/hundeglueck,MarcelAttinger,2018-09-10T16:35:51Z
148183870,https://github.com/lsa2127291/wasm-loader,lsa2127291,2018-09-10T16:16:36Z
148187254,https://github.com/lyz1991/VueSSr,lyz1991,2018-09-10T16:40:27Z
148187321,https://github.com/konstantinrjab/portfolio,konstantinrjab,2018-09-10T16:41:00Z
148188309,https://github.com/amirsaleem-kn/workspace,amirsaleem-kn,2018-09-10T16:48:56Z
148182788,https://github.com/szincone/authmini,szincone,2018-09-10T16:08:24Z
148184598,https://github.com/sabarigbs/new-student-connect,sabarigbs,2018-09-10T16:21:44Z
148185012,https://github.com/WasatchFlatlander/node-js-course,WasatchFlatlander,2018-09-10T16:24:34Z
148188472,https://github.com/tylercollier-devmtn/full-stack-review-wpx7,tylercollier-devmtn,2018-09-10T16:50:27Z
148188819,https://github.com/Meronkha/starfield,Meronkha,2018-09-10T16:53:29Z
148187405,https://github.com/yulialavruk/LocalStorage,yulialavruk,2018-09-10T16:41:34Z
148189217,https://github.com/ml-workshare/oliver-interview,ml-workshare,2018-09-10T16:56:48Z
148189244,https://github.com/KantaPaul/styling-react-elements-and-component,KantaPaul,2018-09-10T16:57:05Z
148188152,https://github.com/LeandraR/web-dev-challenge,LeandraR,2018-09-10T16:47:52Z
148186095,https://github.com/chrisrocco/arctosa-mysql,chrisrocco,2018-09-10T16:32:06Z
148188738,https://github.com/YY-Huang/signaAPI,YY-Huang,2018-09-10T16:52:48Z
148188786,https://github.com/VladThorenco/the-venue,VladThorenco,2018-09-10T16:53:08Z
148187732,https://github.com/Coi-GH/grace-shopper,Coi-GH,2018-09-10T16:44:17Z
148188433,https://github.com/geekdave/gatsby-starter-netlify-cms,geekdave,2018-09-10T16:50:06Z
148182226,https://github.com/StephenCoady/graphql-execution,StephenCoady,2018-09-10T16:04:28Z
148181739,https://github.com/Frontendman25/Coffee,Frontendman25,2018-09-10T16:00:41Z
148183618,https://github.com/ayushj98/Coursera-Week-5,ayushj98,2018-09-10T16:14:46Z
148181986,https://github.com/machristie/interactwel-gui,machristie,2018-09-10T16:02:37Z
148181992,https://github.com/nimbus117/cc_w7d1_hw,nimbus117,2018-09-10T16:02:39Z
148184323,https://github.com/nahrinoda/react-gh-pages,nahrinoda,2018-09-10T16:19:48Z
148184443,https://github.com/themalikj/MyLab1,themalikj,2018-09-10T16:20:39Z
148185537,https://github.com/Furnicarul/Nature,Furnicarul,2018-09-10T16:28:03Z
148187044,https://github.com/mwahyusp/api-demo,mwahyusp,2018-09-10T16:38:57Z
148186450,https://github.com/JanDriesen/a_turtle_skill,JanDriesen,2018-09-10T16:34:47Z
148186547,https://github.com/TomohitoArakawa/site,TomohitoArakawa,2018-09-10T16:35:33Z
148186252,https://github.com/MortifyU/Lab1,MortifyU,2018-09-10T16:33:20Z
148183880,https://github.com/dokenedgar/test-travis,dokenedgar,2018-09-10T16:16:38Z
148183900,https://github.com/wallacewong82/Classic-Arcade-Game,wallacewong82,2018-09-10T16:16:50Z
148185394,https://github.com/harrywynnwill/tennis-scraping-service,harrywynnwill,2018-09-10T16:27:08Z
148187028,https://github.com/NetanelHadas/react-native-mybooks-app,NetanelHadas,2018-09-10T16:38:48Z
148185131,https://github.com/joulay/pract-react-addressbook,joulay,2018-09-10T16:25:24Z
148185201,https://github.com/miahmia/MyLab1,miahmia,2018-09-10T16:25:49Z
148184926,https://github.com/SeoulBBQ/seoulbbq.github.io,SeoulBBQ,2018-09-10T16:23:56Z
148184162,https://github.com/Qusaiiii/royal3,Qusaiiii,2018-09-10T16:18:41Z
148183148,https://github.com/vorenus85/native-js-calculator,vorenus85,2018-09-10T16:10:58Z
148186730,https://github.com/ironhack-paris-webdev-august-2018/project-showcase-frontend,ironhack-paris-webdev-august-2018,2018-09-10T16:36:51Z
148188428,https://github.com/polachek/PHPAjaxContent,polachek,2018-09-10T16:50:04Z
148188775,https://github.com/ryanyogan/gql-express,ryanyogan,2018-09-10T16:53:03Z
148181941,https://github.com/toxypapi/airbnbClone,toxypapi,2018-09-10T16:02:15Z
148181660,https://github.com/Qiaoyuhao/production_ssm_git,Qiaoyuhao,2018-09-10T16:00:01Z
148184679,https://github.com/msjadhav1990/Accounts,msjadhav1990,2018-09-10T16:22:13Z
148184789,https://github.com/ehsan94/canvas,ehsan94,2018-09-10T16:23:03Z
148187341,https://github.com/kevinahn7/social-media-v2,kevinahn7,2018-09-10T16:41:08Z
148188375,https://github.com/hildasandberg/clock,hildasandberg,2018-09-10T16:49:35Z
148186509,https://github.com/DavidLapadula/NYTSearch,DavidLapadula,2018-09-10T16:35:10Z
148186618,https://github.com/collierslocationintelligence/GIS-and-Research-Resources,collierslocationintelligence,2018-09-10T16:36:05Z
148186240,https://github.com/Sabellus/Putin,Sabellus,2018-09-10T16:33:15Z
148189281,https://github.com/Kholland106/Lab1,Kholland106,2018-09-10T16:57:24Z
148183905,https://github.com/javascript-toolbox/A-Complete-JavaScript-Beginner-to-Advanced,javascript-toolbox,2018-09-10T16:16:53Z
148185423,https://github.com/CKPalk/photo-gallery,CKPalk,2018-09-10T16:27:15Z
148186920,https://github.com/sjkim1995/ContosoTeamStats,sjkim1995,2018-09-10T16:37:59Z
148184169,https://github.com/b-schu/illustrator-gallery,b-schu,2018-09-10T16:18:43Z
148189124,https://github.com/asiriPiyajanaka/auth,asiriPiyajanaka,2018-09-10T16:55:58Z
148184619,https://github.com/dhtran91/All-the-News-That-s-Fit-to-Scrape,dhtran91,2018-09-10T16:21:52Z
148184622,https://github.com/templaksh/templaksh.github.io,templaksh,2018-09-10T16:21:54Z
148187227,https://github.com/KevinHank/font-code,KevinHank,2018-09-10T16:40:13Z
148187668,https://github.com/TeamAwesomePants/grace-shopper,TeamAwesomePants,2018-09-10T16:43:45Z
148187717,https://github.com/fels-app/score,fels-app,2018-09-10T16:44:09Z
148186581,https://github.com/antaresvalle/bosch-dashboard,antaresvalle,2018-09-10T16:35:48Z
148186220,https://github.com/sociologia-dbo-2018/sociologia,sociologia-dbo-2018,2018-09-10T16:33:04Z
148186322,https://github.com/mrrakib/onlineSuperMarket,mrrakib,2018-09-10T16:33:49Z
148186012,https://github.com/monbo/Test-repo,monbo,2018-09-10T16:31:30Z
148186413,https://github.com/RogiTG/BRogProjektKoncowy,RogiTG,2018-09-10T16:34:29Z
148189422,https://github.com/spusulri/Lab1,spusulri,2018-09-10T16:58:42Z
148188550,https://github.com/buck06191/fcc-d3-bar-chart,buck06191,2018-09-10T16:51:09Z
148182609,https://github.com/jkaberon/CourseApp,jkaberon,2018-09-10T16:07:09Z
148183121,https://github.com/shazstrang/week7day1_PrimeNumber_homework,shazstrang,2018-09-10T16:10:45Z
148182877,https://github.com/freewind-demos/javascript-sinon-mock-moment-time-demo,freewind-demos,2018-09-10T16:08:57Z
148183040,https://github.com/letuanvuong/ShopTedu,letuanvuong,2018-09-10T16:10:12Z
148186104,https://github.com/michael-j-girard/Lab1,michael-j-girard,2018-09-10T16:32:09Z
148185404,https://github.com/robertxluo/indecision-app,robertxluo,2018-09-10T16:27:11Z
148185486,https://github.com/danilomendonca/crowdmarket,danilomendonca,2018-09-10T16:27:43Z
148186896,https://github.com/P3DR0115/pt_2.1,P3DR0115,2018-09-10T16:37:46Z
148183149,https://github.com/primalMG/vouched,primalMG,2018-09-10T16:10:59Z
148188965,https://github.com/lalobecerra7/tecmm,lalobecerra7,2018-09-10T16:54:37Z
148189079,https://github.com/quantumhpc/slurmjs,quantumhpc,2018-09-10T16:55:36Z
148188230,https://github.com/brenless/Circles-and-Sounds,brenless,2018-09-10T16:48:27Z
148185923,https://github.com/BaNe021200/projet3,BaNe021200,2018-09-10T16:30:48Z
148185946,https://github.com/jessyfouace/exercicemdp,jessyfouace,2018-09-10T16:31:00Z
148186055,https://github.com/AsunaxRan/Calculator,AsunaxRan,2018-09-10T16:31:47Z
148188330,https://github.com/ellymaimon/social-media-2.0,ellymaimon,2018-09-10T16:49:06Z
148187628,https://github.com/nkuranhy3/online_store,nkuranhy3,2018-09-10T16:43:26Z
148187629,https://github.com/shubhamguptaji/NodeJS,shubhamguptaji,2018-09-10T16:43:26Z
148181956,https://github.com/kristenpham/chore-door-bot-game,kristenpham,2018-09-10T16:02:25Z
148183885,https://github.com/ArtemNehoda/CLI-Brain-Games,ArtemNehoda,2018-09-10T16:16:40Z
148181775,https://github.com/afyaf2/react-slack,afyaf2,2018-09-10T16:00:57Z
148187329,https://github.com/eanorton/algorithms,eanorton,2018-09-10T16:41:04Z
148189299,https://github.com/brenless/Keep-Score,brenless,2018-09-10T16:57:31Z
148189320,https://github.com/hildasandberg/pizzabot-1,hildasandberg,2018-09-10T16:57:40Z
148182185,https://github.com/zvansom/react-films,zvansom,2018-09-10T16:04:15Z
148182358,https://github.com/MykolaKorniienko/RecruitingReact,MykolaKorniienko,2018-09-10T16:05:29Z
148187393,https://github.com/DimGael/harmoElectron,DimGael,2018-09-10T16:41:30Z
148187478,https://github.com/web-dev-guru/node-express-mongo-backend,web-dev-guru,2018-09-10T16:42:16Z
148187501,https://github.com/KillerCode88/hj-25,KillerCode88,2018-09-10T16:42:24Z
148187853,https://github.com/kurtkemo/kurtkemo.github.io,kurtkemo,2018-09-10T16:45:20Z
148187864,https://github.com/Emogenius/grace-shopper,Emogenius,2018-09-10T16:45:26Z
148188739,https://github.com/hildasandberg/design-brief,hildasandberg,2018-09-10T16:52:48Z
148188546,https://github.com/jurielfurukawa/jurielfurukawa.github.io,jurielfurukawa,2018-09-10T16:51:07Z
148189521,https://github.com/hildasandberg/product-api,hildasandberg,2018-09-10T16:59:34Z
148183039,https://github.com/pomodorozhong/urban-waffle,pomodorozhong,2018-09-10T16:10:12Z
148184680,https://github.com/lukekennin/firstHeroku,lukekennin,2018-09-10T16:22:14Z
148183946,https://github.com/khk98/ASP.NET-MVC-applications,khk98,2018-09-10T16:17:10Z
148184095,https://github.com/react-course-epam-05-09-18/ebs-react-course-oleksii-popov,react-course-epam-05-09-18,2018-09-10T16:18:11Z
148182194,https://github.com/jparra5/sim_20180910160255524_verify_fvt_fixes,jparra5,2018-09-10T16:04:19Z
148183484,https://github.com/grug/fe-training,grug,2018-09-10T16:13:46Z
148185948,https://github.com/TMinuzzo/react-burger,TMinuzzo,2018-09-10T16:31:03Z
148186034,https://github.com/davieu/javascript-review,davieu,2018-09-10T16:31:40Z
148184917,https://github.com/lampwu/alert_weizexi,lampwu,2018-09-10T16:23:51Z
148189287,https://github.com/affablebloke/rc-menu-repro,affablebloke,2018-09-10T16:57:25Z
148189226,https://github.com/JHutnick/Book-API-Client,JHutnick,2018-09-10T16:56:53Z
148187762,https://github.com/qblake/project-lvl1-s340,qblake,2018-09-10T16:44:33Z