75077265,https://github.com/Nitro/sidecar-executor,Nitro,2016-11-29T12:01:15Z
75078817,https://github.com/zenja/monkey-lang,zenja,2016-11-29T12:21:19Z
75080656,https://github.com/AlexxNica/bounce,AlexxNica,2016-11-29T12:44:46Z
75081657,https://github.com/cinetube/cltor,cinetube,2016-11-29T12:58:20Z
75078596,https://github.com/decoomanj/gorgonzola2,decoomanj,2016-11-29T12:18:38Z