19797928,https://github.com/Pobe16/watch-next,Pobe16,2014-05-14T22:10:48Z
19798482,https://github.com/senecajs/seneca-redis-pubsub-transport,senecajs,2014-05-14T22:33:45Z
19798497,https://github.com/espenhogbakk/tortuga,espenhogbakk,2014-05-14T22:34:21Z
19798181,https://github.com/fernandommota/table-bootstrap-component,fernandommota,2014-05-14T22:21:49Z
19798534,https://github.com/shamoons/linguist-samples,shamoons,2014-05-14T22:36:04Z
19798122,https://github.com/teaguehopkins/learnyounode,teaguehopkins,2014-05-14T22:20:05Z
19798272,https://github.com/nlundquist/log4js-gelf-appender,nlundquist,2014-05-14T22:25:01Z
19798936,https://github.com/alexcorre/grunt-max-filesize,alexcorre,2014-05-14T22:54:23Z
19798394,https://github.com/mazira/elasticsearch-non-nullable,mazira,2014-05-14T22:30:05Z
19798061,https://github.com/mthornal/RealtimeGeospatial,mthornal,2014-05-14T22:17:22Z
19798034,https://github.com/jesseweed/placeanderson,jesseweed,2014-05-14T22:16:05Z
19798605,https://github.com/berbang/SocialEducation,berbang,2014-05-14T22:39:18Z
19798998,https://github.com/josephfinlayson/highscores,josephfinlayson,2014-05-14T22:57:17Z
19798385,https://github.com/jsil/html,jsil,2014-05-14T22:29:46Z
19797820,https://github.com/tschmorleiz/qooxdoo-gui-testing,tschmorleiz,2014-05-14T22:05:16Z
19797775,https://github.com/rakuyo/ers,rakuyo,2014-05-14T22:03:25Z
19798653,https://github.com/erikaji/rbthorn,erikaji,2014-05-14T22:41:07Z
19798672,https://github.com/mcfitz2/timetravel,mcfitz2,2014-05-14T22:41:52Z
19798875,https://github.com/ashblue/simple-grid,ashblue,2014-05-14T22:51:06Z
19798793,https://github.com/andreitognolo/sandbox,andreitognolo,2014-05-14T22:47:42Z
19797889,https://github.com/szalek/AngularJS-ListFilterOrder-Example,szalek,2014-05-14T22:08:26Z
19798707,https://github.com/raineorshine/generator-npm-module,raineorshine,2014-05-14T22:43:41Z
19798496,https://github.com/nicklassigurdh/megaMenu,nicklassigurdh,2014-05-14T22:34:18Z
19798224,https://github.com/WebCars/WebCarsSource,WebCars,2014-05-14T22:23:02Z
19797705,https://github.com/hlpetway/notes-app,hlpetway,2014-05-14T22:00:51Z
19797870,https://github.com/jkhedani/equalheights,jkhedani,2014-05-14T22:07:28Z
19798000,https://github.com/artpolikarpov/_._.js,artpolikarpov,2014-05-14T22:14:31Z
19797779,https://github.com/jereln/todo-challenge,jereln,2014-05-14T22:03:35Z
19797980,https://github.com/PublicarNuevosNegocios/SaludGuru,PublicarNuevosNegocios,2014-05-14T22:13:23Z
19798968,https://github.com/wusley/wusley,wusley,2014-05-14T22:56:13Z
19798341,https://github.com/ryanramage/filter-through-array,ryanramage,2014-05-14T22:27:58Z
19798127,https://github.com/SwampGuzzler/MongoDB,SwampGuzzler,2014-05-14T22:20:15Z
19798138,https://github.com/jarnailboparai/brickert_VallejoHistoricWalkingTour_914,jarnailboparai,2014-05-14T22:20:45Z
19798920,https://github.com/pmcgannon22/gma-ui,pmcgannon22,2014-05-14T22:53:45Z
19797808,https://github.com/noyangunday/shaman.js,noyangunday,2014-05-14T22:04:46Z
19798222,https://github.com/mcfitz2/heatmaps,mcfitz2,2014-05-14T22:22:58Z
19798434,https://github.com/awwest/shortly-deploy,awwest,2014-05-14T22:31:51Z
19798634,https://github.com/sophalkim/Node_and_Express,sophalkim,2014-05-14T22:40:29Z
19798816,https://github.com/storypixel/chia,storypixel,2014-05-14T22:48:28Z
19798941,https://github.com/morris821028/hw-reporter-website,morris821028,2014-05-14T22:54:33Z
19798329,https://github.com/travishartman/shotsfired,travishartman,2014-05-14T22:27:37Z
19798457,https://github.com/mrbojangles3/mrbojangles3.github.io,mrbojangles3,2014-05-14T22:32:45Z
19797904,https://github.com/TheMaxKim/MerchantSite,TheMaxKim,2014-05-14T22:09:14Z
19798964,https://github.com/vijaybandari/commander-pp,vijaybandari,2014-05-14T22:56:04Z
19799043,https://github.com/joehomnick/JoeMobile,joehomnick,2014-05-14T22:59:16Z
19798296,https://github.com/aaromp/shortly-deploy,aaromp,2014-05-14T22:26:06Z
19798344,https://github.com/vena/Chrome-Privoxy-Button,vena,2014-05-14T22:28:04Z
19798141,https://github.com/setitesuk/death_angel,setitesuk,2014-05-14T22:20:51Z
19797927,https://github.com/moshmage/predb.me-expander,moshmage,2014-05-14T22:10:46Z
19798332,https://github.com/mcfitz2/passport-cas-iu,mcfitz2,2014-05-14T22:27:42Z
19798532,https://github.com/sophalkim/Angular_Practice,sophalkim,2014-05-14T22:35:51Z
19798603,https://github.com/mixu/file-fixture,mixu,2014-05-14T22:39:15Z
19797956,https://github.com/npmawesome/example-platform,npmawesome,2014-05-14T22:12:24Z
19798812,https://github.com/iulian-fenici/sketchpad,iulian-fenici,2014-05-14T22:48:16Z
19798176,https://github.com/mcfitz2/dist-betterphp,mcfitz2,2014-05-14T22:21:42Z
19798014,https://github.com/jlazaroo/phonegap_helloworld,jlazaroo,2014-05-14T22:15:09Z
19798588,https://github.com/Ymx1ZQ/contentResizer,Ymx1ZQ,2014-05-14T22:38:30Z
19798612,https://github.com/cgnovelo/jsketch,cgnovelo,2014-05-14T22:39:31Z
19798072,https://github.com/evancohen/ial-board,evancohen,2014-05-14T22:17:44Z
19798097,https://github.com/lance/es5-truthiness,lance,2014-05-14T22:18:47Z
19798595,https://github.com/pschiel/webgl-xml3d,pschiel,2014-05-14T22:38:49Z
19797960,https://github.com/n3wc/TiProtoBootstrap,n3wc,2014-05-14T22:12:40Z
19798886,https://github.com/evanxh/WebSite,evanxh,2014-05-14T22:51:25Z