2290419,https://github.com/jcohen/multisweeper,jcohen,2011-08-29T19:00:13Z
2290691,https://github.com/debloper/privacy.js,debloper,2011-08-29T19:48:46Z
2290489,https://github.com/Rpsl/node-saver,Rpsl,2011-08-29T19:12:53Z
2290624,https://github.com/urcoilbisurco/livewall,urcoilbisurco,2011-08-29T19:37:39Z
2290718,https://github.com/jlneto/myraces,jlneto,2011-08-29T19:54:40Z
2290721,https://github.com/stephanebisson/pairing,stephanebisson,2011-08-29T19:54:58Z
2290544,https://github.com/dtorres/khronos-node,dtorres,2011-08-29T19:24:33Z