103640668,https://github.com/uudashr/gopkgs,uudashr,2017-09-15T09:39:04Z
103642418,https://github.com/ieee0824/clay,ieee0824,2017-09-15T09:55:38Z
103637775,https://github.com/usualwyy/digger,usualwyy,2017-09-15T09:11:08Z
103637215,https://github.com/Yves-yuan/algorithem,Yves-yuan,2017-09-15T09:06:28Z
103640381,https://github.com/djavorszky/disco,djavorszky,2017-09-15T09:36:19Z
103642180,https://github.com/poleedaglot/poleedaglot,poleedaglot,2017-09-15T09:53:13Z
103641652,https://github.com/mekicha/telebotapi-example-code,mekicha,2017-09-15T09:47:47Z
103638563,https://github.com/alexandershinov/goodhttp,alexandershinov,2017-09-15T09:18:32Z
103641567,https://github.com/lvzhihao/uchat4mq,lvzhihao,2017-09-15T09:46:58Z
103639232,https://github.com/jamesfcarter/podquiz,jamesfcarter,2017-09-15T09:24:53Z
103638595,https://github.com/tsauvajon/imgformatter,tsauvajon,2017-09-15T09:18:45Z
103638732,https://github.com/liuhao2018/learn_golang,liuhao2018,2017-09-15T09:20:10Z
103639695,https://github.com/DigitalAnswer/crypto-ticker-server,DigitalAnswer,2017-09-15T09:29:16Z
103637563,https://github.com/monz/timelapseTools,monz,2017-09-15T09:09:13Z
103640686,https://github.com/psmortal/gogo,psmortal,2017-09-15T09:39:12Z
103641970,https://github.com/go-mango/logy,go-mango,2017-09-15T09:50:59Z