76302910,https://github.com/serverless/scope,serverless,2016-12-12T22:58:55Z
76300771,https://github.com/jeromeetienne/threex.domevents2,jeromeetienne,2016-12-12T22:24:41Z
76301170,https://github.com/tomstuart/react-workshop,tomstuart,2016-12-12T22:30:33Z
76301197,https://github.com/joaquimserafim/superagent-bunyan,joaquimserafim,2016-12-12T22:30:54Z
76301825,https://github.com/kensho-technologies/eslint-config-kensho,kensho-technologies,2016-12-12T22:40:48Z
76302487,https://github.com/danielpark-ytel/message360-webrtc,danielpark-ytel,2016-12-12T22:52:09Z
76302892,https://github.com/jeromeetienne/doodling-in-vr,jeromeetienne,2016-12-12T22:58:40Z
76300543,https://github.com/breachofmind/gappy,breachofmind,2016-12-12T22:20:45Z
76302566,https://github.com/it-from-bit/metalsmith-geekwiki.io,it-from-bit,2016-12-12T22:53:24Z
76301998,https://github.com/aaronhktan/simple-metar,aaronhktan,2016-12-12T22:43:58Z
76302116,https://github.com/pjk25/framework_zero,pjk25,2016-12-12T22:46:21Z
76302770,https://github.com/thiagopnts/audio-to-text-telegram-bot,thiagopnts,2016-12-12T22:56:43Z
76300765,https://github.com/humsstel/tel_cards,humsstel,2016-12-12T22:24:36Z
76300139,https://github.com/MYOB-Technology/jsonapiclient,MYOB-Technology,2016-12-12T22:14:27Z
76301601,https://github.com/plemont/preso,plemont,2016-12-12T22:37:02Z
76301591,https://github.com/ctnitchie/ec2-dashboard,ctnitchie,2016-12-12T22:36:55Z
76302421,https://github.com/rmcnaughGitHub/GULP-TASK-CONTROL-V2,rmcnaughGitHub,2016-12-12T22:51:01Z
76299871,https://github.com/wassim6/transtu,wassim6,2016-12-12T22:09:31Z
76299835,https://github.com/StefanYohansson/sz-json-rpc,StefanYohansson,2016-12-12T22:08:55Z
76301600,https://github.com/nivesh2/csv2json-api,nivesh2,2016-12-12T22:37:02Z
76301853,https://github.com/kensho/stylelint-config-kensho,kensho,2016-12-12T22:41:13Z
76299722,https://github.com/pryazhennikov/apmath_cloud_exam,pryazhennikov,2016-12-12T22:07:07Z
76302366,https://github.com/seanrenton/emmausanglicanchurch,seanrenton,2016-12-12T22:50:06Z
76301625,https://github.com/CAAPIM/themer,CAAPIM,2016-12-12T22:37:27Z
76301303,https://github.com/mhturpin/94fifty,mhturpin,2016-12-12T22:32:38Z
76301033,https://github.com/Reelhouse/eslint-config-reelhouse,Reelhouse,2016-12-12T22:28:38Z
76302058,https://github.com/hashmat00/node,hashmat00,2016-12-12T22:45:03Z
76299976,https://github.com/mary-element/connect-four,mary-element,2016-12-12T22:11:39Z
76300062,https://github.com/viktorsmari/solrvue,viktorsmari,2016-12-12T22:13:03Z
76300074,https://github.com/kingscott00/ASMQuestions,kingscott00,2016-12-12T22:13:11Z
76302577,https://github.com/jackson-/react-instant-search,jackson-,2016-12-12T22:53:33Z
76302875,https://github.com/emil12543/BeefUp,emil12543,2016-12-12T22:58:22Z
76300226,https://github.com/nhabet01/week-3-HMgame,nhabet01,2016-12-12T22:15:54Z
76300449,https://github.com/NicoVarg99/quindici,NicoVarg99,2016-12-12T22:19:26Z
76302308,https://github.com/rhinodavid/n-queens,rhinodavid,2016-12-12T22:49:13Z
76302398,https://github.com/willzarem/fountain-demo,willzarem,2016-12-12T22:50:36Z
76301383,https://github.com/rhysbrettbowen/dq-sheets,rhysbrettbowen,2016-12-12T22:34:00Z
76301461,https://github.com/Lvcios/Memorama,Lvcios,2016-12-12T22:35:06Z
76301503,https://github.com/EnriqueSampaio/MyDropbox,EnriqueSampaio,2016-12-12T22:35:47Z
76301703,https://github.com/sheikhu/vue-training,sheikhu,2016-12-12T22:38:47Z
76300260,https://github.com/BlakeGuilloud/drum-kit,BlakeGuilloud,2016-12-12T22:16:29Z
76300455,https://github.com/richardrulach/raphael-dashboard,richardrulach,2016-12-12T22:19:30Z
76302268,https://github.com/kleigeb/hello-jenkins,kleigeb,2016-12-12T22:48:41Z
76302360,https://github.com/xgiosebsx/angular2-tour-heroes,xgiosebsx,2016-12-12T22:50:04Z
76299734,https://github.com/EMehralian/MineSweeper,EMehralian,2016-12-12T22:07:18Z
76301761,https://github.com/sidjayisaok/Socket.io-Challenge,sidjayisaok,2016-12-12T22:39:38Z
76299820,https://github.com/jthoms1/nodeschool-december-2016,jthoms1,2016-12-12T22:08:43Z
76299913,https://github.com/efwong/GeneralAngularWebpack,efwong,2016-12-12T22:10:23Z
76301378,https://github.com/sheikhu/es6-learning,sheikhu,2016-12-12T22:33:52Z
76301515,https://github.com/Keshav97/NHS-IBM-The-Human-Five,Keshav97,2016-12-12T22:35:55Z
76302095,https://github.com/swadelic/LCARS,swadelic,2016-12-12T22:45:49Z
76300632,https://github.com/labellatrix/js-drills-objects-most-frequent-word,labellatrix,2016-12-12T22:22:07Z
76301050,https://github.com/jstriker84/burger,jstriker84,2016-12-12T22:28:49Z
76301802,https://github.com/SirLemuel/redux-tutorial,SirLemuel,2016-12-12T22:40:24Z
76299834,https://github.com/revelrylabs/our-gulp,revelrylabs,2016-12-12T22:08:54Z
76299868,https://github.com/RobViren/Reassembler-Frontend,RobViren,2016-12-12T22:09:28Z
76302538,https://github.com/hotwing78/AngularPagination,hotwing78,2016-12-12T22:52:54Z
76302782,https://github.com/someden/test-restful-api,someden,2016-12-12T22:56:54Z
76301314,https://github.com/nkvls/SNAuthentication,nkvls,2016-12-12T22:32:55Z
76302428,https://github.com/Derryel/mongodb,Derryel,2016-12-12T22:51:07Z
76299492,https://github.com/jlissner/LissnerListner,jlissner,2016-12-12T22:03:24Z
76302193,https://github.com/bschult/hrsf53-recursion-review,bschult,2016-12-12T22:47:29Z
76300639,https://github.com/ydemidenko/bulletin_board,ydemidenko,2016-12-12T22:22:15Z
76300708,https://github.com/JStans12/stuff_box,JStans12,2016-12-12T22:23:32Z
76301273,https://github.com/touqeer-ahmad/zfm60,touqeer-ahmad,2016-12-12T22:32:06Z
76301788,https://github.com/jitendersinghnegi/Jeet-Test-Repo,jitendersinghnegi,2016-12-12T22:40:12Z
76301857,https://github.com/dwaiting/password-scramble,dwaiting,2016-12-12T22:41:19Z
76299783,https://github.com/killynathan/quote-generator,killynathan,2016-12-12T22:08:02Z
76302798,https://github.com/afdta/eitc-update-ty14,afdta,2016-12-12T22:57:11Z
76299265,https://github.com/javasetraining/SpringSecurity,javasetraining,2016-12-12T22:00:03Z
76301616,https://github.com/techaware/xsa-002,techaware,2016-12-12T22:37:16Z
76302914,https://github.com/AdaGold/backbone-review,AdaGold,2016-12-12T22:58:58Z
76300341,https://github.com/davemflick/Move-to-Where-,davemflick,2016-12-12T22:17:44Z
76302171,https://github.com/rhinodavid/promises,rhinodavid,2016-12-12T22:47:12Z
76302292,https://github.com/rhinodavid/watchout,rhinodavid,2016-12-12T22:48:59Z
76301844,https://github.com/krystianity/node-slashai,krystianity,2016-12-12T22:41:04Z
76302037,https://github.com/hotwing78/Techno-Ticker,hotwing78,2016-12-12T22:44:40Z
76300054,https://github.com/a-ashbeck/liri-node-app,a-ashbeck,2016-12-12T22:12:58Z
76300065,https://github.com/joeysk2012/WeatherApp,joeysk2012,2016-12-12T22:13:04Z
76300953,https://github.com/concord-consortium/vid-meter,concord-consortium,2016-12-12T22:27:29Z
76301019,https://github.com/mangasagu/web-mqtt,mangasagu,2016-12-12T22:28:25Z
76302446,https://github.com/ecoquants/ecoquants.github.io,ecoquants,2016-12-12T22:51:34Z
76300552,https://github.com/mirih/Code-Fresh,mirih,2016-12-12T22:20:51Z
76301903,https://github.com/norskmatty/draftgame,norskmatty,2016-12-12T22:42:09Z
76301943,https://github.com/mkubota1111/ngTutorial,mkubota1111,2016-12-12T22:42:57Z
76300148,https://github.com/josecolella/Mums-shop,josecolella,2016-12-12T22:14:38Z
76302719,https://github.com/0ADMods/Stunnable,0ADMods,2016-12-12T22:56:02Z
76302738,https://github.com/guckstift/garden-chamber,guckstift,2016-12-12T22:56:16Z
76299361,https://github.com/sjb3/vue-basic,sjb3,2016-12-12T22:01:29Z
76301417,https://github.com/nedgrady/Noughts-And-Crosses,nedgrady,2016-12-12T22:34:30Z
76302941,https://github.com/nlee01/chnlvis171.heroku.com,nlee01,2016-12-12T22:59:33Z
76302350,https://github.com/rhinodavid/data-structures,rhinodavid,2016-12-12T22:49:54Z
76299415,https://github.com/jmas12000/bloc-chat,jmas12000,2016-12-12T22:02:21Z
76300758,https://github.com/batsauto/codeReview,batsauto,2016-12-12T22:24:23Z
76301234,https://github.com/Viktor2020/exampleTypeScript,Viktor2020,2016-12-12T22:31:23Z
76301270,https://github.com/nightmarecrash/spcheck,nightmarecrash,2016-12-12T22:32:02Z
76301768,https://github.com/slsriehl/react-nyt,slsriehl,2016-12-12T22:39:44Z
76301814,https://github.com/deenyt/liri-node-app,deenyt,2016-12-12T22:40:38Z
76299915,https://github.com/dnlowman/react-has-scrolled,dnlowman,2016-12-12T22:10:27Z
76300097,https://github.com/mhd999/twitter-feed-server,mhd999,2016-12-12T22:13:43Z
76302614,https://github.com/fidgetwidget/omf_demo,fidgetwidget,2016-12-12T22:54:03Z
76301477,https://github.com/labellatrix/js-drills-object-recipe-factory,labellatrix,2016-12-12T22:35:25Z
76301583,https://github.com/lukwallace/auto-fill,lukwallace,2016-12-12T22:36:51Z
76302916,https://github.com/raqystyle/ok-doc-generator,raqystyle,2016-12-12T22:59:04Z
76299611,https://github.com/srolel/simple-object-storage,srolel,2016-12-12T22:05:23Z
76302189,https://github.com/rhinodavid/web-historian,rhinodavid,2016-12-12T22:47:25Z
76302946,https://github.com/aymeric-l/cookie,aymeric-l,2016-12-12T22:59:45Z
76299806,https://github.com/daon/cellular-automaton,daon,2016-12-12T22:08:26Z
76300009,https://github.com/seamanhd/TriviaGame,seamanhd,2016-12-12T22:12:12Z
76302561,https://github.com/xmatzx/betluck-api,xmatzx,2016-12-12T22:53:22Z
76301618,https://github.com/annaebrown/juke4,annaebrown,2016-12-12T22:37:19Z
76302144,https://github.com/rhinodavid/shortly-deploy,rhinodavid,2016-12-12T22:46:46Z
76300537,https://github.com/madson/ai-project,madson,2016-12-12T22:20:40Z
76300798,https://github.com/ldinesh4net/KPMGtest_Repository,ldinesh4net,2016-12-12T22:25:09Z
76301894,https://github.com/DonYeh/Interactive-Form-v1,DonYeh,2016-12-12T22:42:01Z
76301991,https://github.com/rhinodavid/beesbeesbees,rhinodavid,2016-12-12T22:43:51Z
76302651,https://github.com/CedricAlb/share_links,CedricAlb,2016-12-12T22:54:55Z
76302832,https://github.com/SimonMckeon/React-redux-base,SimonMckeon,2016-12-12T22:57:43Z
76301670,https://github.com/CAAPIM/react-themer,CAAPIM,2016-12-12T22:38:15Z
76302507,https://github.com/lovecraftJS/reactTodoApp,lovecraftJS,2016-12-12T22:52:29Z
76300438,https://github.com/chrischne/spaceprogram,chrischne,2016-12-12T22:19:14Z
76302131,https://github.com/gulisashvili/test,gulisashvili,2016-12-12T22:46:35Z
76302226,https://github.com/rhinodavid/mytunes,rhinodavid,2016-12-12T22:48:07Z
76302273,https://github.com/ianclarkdatasci/ianclarkdatasci.github.io,ianclarkdatasci,2016-12-12T22:48:44Z
76299535,https://github.com/Phelanlewis/node-webscraper,Phelanlewis,2016-12-12T22:04:03Z
76299595,https://github.com/jwpaine/misc,jwpaine,2016-12-12T22:05:09Z
76300917,https://github.com/lukwallace/beesbeesbees,lukwallace,2016-12-12T22:26:53Z
76301598,https://github.com/niharikasharma/fanFictionCode,niharikasharma,2016-12-12T22:37:01Z
76300606,https://github.com/amkimian/datahub-common,amkimian,2016-12-12T22:21:44Z
76300904,https://github.com/NKStudiosCO/jse123,NKStudiosCO,2016-12-12T22:26:43Z
76300992,https://github.com/labellatrix/js-drills-objects-data-merge,labellatrix,2016-12-12T22:27:58Z
76301990,https://github.com/rhinodavid/chatterbox-client,rhinodavid,2016-12-12T22:43:51Z
76300861,https://github.com/marcmajcher/adventofcode,marcmajcher,2016-12-12T22:26:10Z
76302402,https://github.com/rhinodavid/twittler,rhinodavid,2016-12-12T22:50:38Z
76301989,https://github.com/rhinodavid/6ees6ees6ees,rhinodavid,2016-12-12T22:43:51Z
76299768,https://github.com/msedlazek/GifTastic,msedlazek,2016-12-12T22:07:49Z
76302783,https://github.com/ogmudbone/LabGenExample,ogmudbone,2016-12-12T22:56:55Z
76299282,https://github.com/kyangy/kyangy,kyangy,2016-12-12T22:00:21Z
76300564,https://github.com/KerryAlsace/video-game-wiki,KerryAlsace,2016-12-12T22:21:08Z
76301581,https://github.com/jasonjunglee/test-1,jasonjunglee,2016-12-12T22:36:50Z
76301611,https://github.com/mhd999/twitter-feed-client,mhd999,2016-12-12T22:37:13Z
76302049,https://github.com/sage3492/ED-Website,sage3492,2016-12-12T22:44:55Z
76302886,https://github.com/sutherland007/WSC_sales,sutherland007,2016-12-12T22:58:32Z
76301697,https://github.com/Soriajose23/mytodo,Soriajose23,2016-12-12T22:38:41Z
76301623,https://github.com/JimmyDLA/beerafide2.0,JimmyDLA,2016-12-12T22:37:24Z
76302408,https://github.com/SnakeWar/projetoagua,SnakeWar,2016-12-12T22:50:45Z
76302417,https://github.com/SashaMalahov/Patterns,SashaMalahov,2016-12-12T22:50:57Z
76302286,https://github.com/yhabib/fcc_voting_app,yhabib,2016-12-12T22:48:53Z
76302377,https://github.com/rhinodavid/recursion,rhinodavid,2016-12-12T22:50:14Z
76299407,https://github.com/ryneschillinger/project_01_dolphin-atari-game,ryneschillinger,2016-12-12T22:02:15Z
76300802,https://github.com/readmeio/hoot,readmeio,2016-12-12T22:25:10Z
76300363,https://github.com/Novata77/ayduda,Novata77,2016-12-12T22:17:59Z
76302158,https://github.com/rhinodavid/databases,rhinodavid,2016-12-12T22:47:01Z
76302218,https://github.com/rhinodavid/recast.ly,rhinodavid,2016-12-12T22:47:55Z
76299473,https://github.com/byu-oit/sans-server-router,byu-oit,2016-12-12T22:03:02Z
76299564,https://github.com/JuliaTregulov/bachelorprojekt-master,JuliaTregulov,2016-12-12T22:04:38Z
76300655,https://github.com/BlakeGuilloud/clock,BlakeGuilloud,2016-12-12T22:22:30Z
76301972,https://github.com/ianfmc/RWPUpdateGame,ianfmc,2016-12-12T22:43:29Z
76300008,https://github.com/markplewis/axe-testing,markplewis,2016-12-12T22:12:11Z
76302598,https://github.com/bvdinesh/node-Js,bvdinesh,2016-12-12T22:53:52Z
76302752,https://github.com/ldinesh4net/CodetestRepo,ldinesh4net,2016-12-12T22:56:28Z
76299309,https://github.com/nileshsingh16/sriniketh923.github.io,nileshsingh16,2016-12-12T22:00:35Z
76302110,https://github.com/rhinodavid/shortly-angular,rhinodavid,2016-12-12T22:46:15Z
76302515,https://github.com/Richie97/WillowActions,Richie97,2016-12-12T22:52:34Z
76302130,https://github.com/rhinodavid/shortly-express,rhinodavid,2016-12-12T22:46:33Z
76302385,https://github.com/rhinodavid/underbar,rhinodavid,2016-12-12T22:50:26Z
76300622,https://github.com/DagmaraJagodzinska/10_4_Program_obiektowe,DagmaraJagodzinska,2016-12-12T22:21:57Z
76300841,https://github.com/bluesaki/react-skeleton,bluesaki,2016-12-12T22:25:49Z
76300851,https://github.com/uthaler/intensivmed,uthaler,2016-12-12T22:26:02Z
76300998,https://github.com/tmsabater/lunar_landing_javascript,tmsabater,2016-12-12T22:28:04Z
76301297,https://github.com/EJ99/project5,EJ99,2016-12-12T22:32:25Z
76300024,https://github.com/sai871/instagram,sai871,2016-12-12T22:12:22Z
76300036,https://github.com/xchendo/Camper-Leaderboard,xchendo,2016-12-12T22:12:38Z
76300476,https://github.com/Cereceres/require-all-node,Cereceres,2016-12-12T22:19:47Z
76300919,https://github.com/lukwallace/chatterbox-client,lukwallace,2016-12-12T22:26:53Z
76300322,https://github.com/shiftunion/bot-a-tron-firebase,shiftunion,2016-12-12T22:17:27Z
76302115,https://github.com/sgtest/javascript-dep-npm,sgtest,2016-12-12T22:46:21Z
76302254,https://github.com/rhinodavid/siskel,rhinodavid,2016-12-12T22:48:31Z
76302305,https://github.com/annieqton/bus-mall,annieqton,2016-12-12T22:49:12Z
76302336,https://github.com/rhinodavid/subclass-dance-party,rhinodavid,2016-12-12T22:49:37Z
76300646,https://github.com/Samyoul/U2F-php-server-examples,Samyoul,2016-12-12T22:22:23Z
76301180,https://github.com/dannibaxter/react-redux-youtube,dannibaxter,2016-12-12T22:30:39Z
76301279,https://github.com/brigysl/blackJack,brigysl,2016-12-12T22:32:11Z
76301914,https://github.com/DanYellow/cra-test,DanYellow,2016-12-12T22:42:19Z
76299331,https://github.com/Philip-Cheek/PRECISE_tDownMGame,Philip-Cheek,2016-12-12T22:00:57Z
76301681,https://github.com/gabriellei814/slackbot,gabriellei814,2016-12-12T22:38:25Z
76301955,https://github.com/notBdougie/angular2-webpack-starter,notBdougie,2016-12-12T22:43:14Z
76300807,https://github.com/darms/bus-mall,darms,2016-12-12T22:25:17Z
76299286,https://github.com/moroccan-webdev/Laravel-User-Image,moroccan-webdev,2016-12-12T22:00:22Z
76302239,https://github.com/rhinodavid/react-components,rhinodavid,2016-12-12T22:48:20Z
76299396,https://github.com/lpcruz/camp,lpcruz,2016-12-12T22:02:00Z
76299410,https://github.com/AlexeyOm/training-serv,AlexeyOm,2016-12-12T22:02:18Z
76299561,https://github.com/tharax/websites,tharax,2016-12-12T22:04:34Z
76302082,https://github.com/rohit-ravikoti/NovvumNativeStarter,rohit-ravikoti,2016-12-12T22:45:28Z
76300918,https://github.com/lukwallace/6ees6ees6ees,lukwallace,2016-12-12T22:26:53Z
76301442,https://github.com/dquinte7/libros,dquinte7,2016-12-12T22:34:53Z