226445133,https://github.com/rogue707Dev/radiophonix,rogue707Dev,2019-12-07T02:39:55Z
226444211,https://github.com/ntbol/applyist,ntbol,2019-12-07T02:30:22Z
226446701,https://github.com/yurigress/email-checker,yurigress,2019-12-07T02:56:02Z
226442129,https://github.com/smitiwis/Editar-profesor,smitiwis,2019-12-07T02:08:24Z
226443959,https://github.com/Roncy13/fork-it-please,Roncy13,2019-12-07T02:27:37Z
226443069,https://github.com/clippy-php/container,clippy-php,2019-12-07T02:18:40Z
226442682,https://github.com/jhonda15/deportech,jhonda15,2019-12-07T02:14:10Z
226446405,https://github.com/KukuhKKH/lara-pos,KukuhKKH,2019-12-07T02:53:09Z
226442506,https://github.com/itwucode/www.fang.com,itwucode,2019-12-07T02:12:26Z
226441621,https://github.com/raviqlahadi/sicat,raviqlahadi,2019-12-07T02:03:21Z
226442827,https://github.com/muzarella/ummi,muzarella,2019-12-07T02:15:55Z
226446163,https://github.com/qq1060656096/emq,qq1060656096,2019-12-07T02:50:37Z
226441344,https://github.com/svyatoslavoh/geek3lesson,svyatoslavoh,2019-12-07T02:00:18Z
226442639,https://github.com/cariskao/npp,cariskao,2019-12-07T02:13:46Z
226443524,https://github.com/Caroline-Stelitano/desafiophp,Caroline-Stelitano,2019-12-07T02:23:47Z
226445642,https://github.com/Gachaton/book-share,Gachaton,2019-12-07T02:44:53Z
226444720,https://github.com/liangkangning/zijiehaowu,liangkangning,2019-12-07T02:35:53Z
226446517,https://github.com/18335749314/weixin1905,18335749314,2019-12-07T02:54:24Z
226445441,https://github.com/Rafiq393/testproject1,Rafiq393,2019-12-07T02:43:00Z
226444240,https://github.com/pocketdru/MyFitnessBuddy,pocketdru,2019-12-07T02:30:39Z
226442812,https://github.com/rizqipermana/antarbangsa,rizqipermana,2019-12-07T02:15:46Z
226441607,https://github.com/controvane/proyectoBase3,controvane,2019-12-07T02:03:11Z
226442337,https://github.com/muzarella/resturant,muzarella,2019-12-07T02:10:42Z
226444787,https://github.com/primanandaaditya/backendresep,primanandaaditya,2019-12-07T02:36:38Z
226443991,https://github.com/kc8/md5guys,kc8,2019-12-07T02:27:58Z
226442459,https://github.com/raebeb/DancingWithDeath,raebeb,2019-12-07T02:12:00Z
226442782,https://github.com/zellview/zellview2,zellview,2019-12-07T02:15:22Z