143040091,https://github.com/dabit3/graphql-search,dabit3,2018-07-31T16:32:34Z
143042501,https://github.com/ConsenSys-Academy/multisig-wallet-exercise,ConsenSys-Academy,2018-07-31T16:56:00Z
143040367,https://github.com/muhammedessa/ui-desgin,muhammedessa,2018-07-31T16:35:10Z
143039288,https://github.com/pengnam/real-time-aircraft-visualization,pengnam,2018-07-31T16:25:00Z
143042456,https://github.com/StephaneGcrd/bet-eth,StephaneGcrd,2018-07-31T16:55:35Z
143041026,https://github.com/palashmon/thinking-in-react,palashmon,2018-07-31T16:41:32Z
143038062,https://github.com/Lensual/bilibilisearch,Lensual,2018-07-31T16:13:05Z
143042733,https://github.com/holochain/node-p2p-ipc,holochain,2018-07-31T16:58:26Z
143040303,https://github.com/abranhe/randn,abranhe,2018-07-31T16:34:33Z
143041505,https://github.com/devdilip/blog-react-redux,devdilip,2018-07-31T16:46:04Z
143036908,https://github.com/abranhe/r4nd0mstr1ng,abranhe,2018-07-31T16:01:43Z
143038947,https://github.com/AgP42/MMM-Netatmo-Presence,AgP42,2018-07-31T16:21:30Z
143039728,https://github.com/dudueasy/A-SSR-React-Dev-Boilerplate,dudueasy,2018-07-31T16:29:12Z
143038377,https://github.com/imshahnawazdevil/JavaScript,imshahnawazdevil,2018-07-31T16:16:01Z
143041157,https://github.com/AlexaYuqinD/module4-solution,AlexaYuqinD,2018-07-31T16:42:43Z
143041186,https://github.com/graasp/graasp-app-starter-react,graasp,2018-07-31T16:43:03Z
143042641,https://github.com/BoomerangProject/boomerang-old,BoomerangProject,2018-07-31T16:57:32Z
143039126,https://github.com/prasadkrn83/VCAT,prasadkrn83,2018-07-31T16:23:23Z
143041834,https://github.com/colyar/girlswhocode_final,colyar,2018-07-31T16:49:36Z
143037206,https://github.com/thisisadityarao/adityarao.dev,thisisadityarao,2018-07-31T16:04:51Z
143041162,https://github.com/brycedarling/draft-js-drag-n-drop-upload-plugin,brycedarling,2018-07-31T16:42:45Z
143039059,https://github.com/camilaachutti/live-javascript,camilaachutti,2018-07-31T16:22:33Z
143041587,https://github.com/ace-subido/webpack-starter,ace-subido,2018-07-31T16:46:54Z
143039548,https://github.com/7PH/fullstack-react-typescript-starterkit,7PH,2018-07-31T16:27:26Z
143037737,https://github.com/GustavoCig/HTMLSnake,GustavoCig,2018-07-31T16:09:55Z
143041060,https://github.com/fastmick/nw-buehne,fastmick,2018-07-31T16:41:51Z
143040543,https://github.com/roybass/odium,roybass,2018-07-31T16:36:59Z
143038221,https://github.com/irerimwenda/Sample-Web,irerimwenda,2018-07-31T16:14:31Z
143037148,https://github.com/wpsumsun/guluer,wpsumsun,2018-07-31T16:04:09Z
143040864,https://github.com/pasunmaa/full-stack-open-2018-blogilista-frontend,pasunmaa,2018-07-31T16:40:03Z
143039949,https://github.com/BeeTech-global/unslider,BeeTech-global,2018-07-31T16:31:21Z
143038484,https://github.com/ChainyardLabs/auction,ChainyardLabs,2018-07-31T16:16:56Z
143038511,https://github.com/YIZHUANG/web-crawlers,YIZHUANG,2018-07-31T16:17:08Z
143039246,https://github.com/sukhatmegaurav/PhilosophersDuty,sukhatmegaurav,2018-07-31T16:24:33Z
143037603,https://github.com/benjamin0809/vue-xggl,benjamin0809,2018-07-31T16:08:31Z
143040004,https://github.com/vincentiroleh/js_counter,vincentiroleh,2018-07-31T16:31:52Z
143041657,https://github.com/fac-14/JEES-LOUISE,fac-14,2018-07-31T16:47:38Z
143041701,https://github.com/Manoz/purr-react,Manoz,2018-07-31T16:48:05Z
143040544,https://github.com/AtaMuhiuldin/SECOND,AtaMuhiuldin,2018-07-31T16:36:59Z
143040129,https://github.com/roma13121990/LunchPlace,roma13121990,2018-07-31T16:32:55Z
143039386,https://github.com/Davidsamuelespinozahuanca/trabajo1,Davidsamuelespinozahuanca,2018-07-31T16:25:57Z
143037584,https://github.com/thomashutcheson/AtmoreChamberWebsite,thomashutcheson,2018-07-31T16:08:19Z
143042223,https://github.com/nathalia-rus/bookshelf_io,nathalia-rus,2018-07-31T16:53:34Z
143042343,https://github.com/yuribla/examen-final-,yuribla,2018-07-31T16:54:33Z
143040495,https://github.com/ekmaus19/free-assoc,ekmaus19,2018-07-31T16:36:31Z
143036903,https://github.com/FunmiOjo/node-shell,FunmiOjo,2018-07-31T16:01:38Z
143036999,https://github.com/thinkful-ei21/DSA-BST-sonya-harley,thinkful-ei21,2018-07-31T16:02:43Z
143037077,https://github.com/LuisSantiagoLillo/portafolio-serverNode,LuisSantiagoLillo,2018-07-31T16:03:31Z
143038691,https://github.com/mightyhamsterlord007/node-class-day-14-promise-auth,mightyhamsterlord007,2018-07-31T16:18:52Z
143038730,https://github.com/cs-fullstack-fall-2018/javascript-classwork5-functions1-myiahm,cs-fullstack-fall-2018,2018-07-31T16:19:14Z
143038805,https://github.com/andnguyen1994/farms,andnguyen1994,2018-07-31T16:20:00Z
143038355,https://github.com/jaredplowman/git-training,jaredplowman,2018-07-31T16:15:47Z
143037782,https://github.com/youaugment/songgolayar_app5,youaugment,2018-07-31T16:10:23Z
143037790,https://github.com/Joey-Ren/Vue_ReadApp,Joey-Ren,2018-07-31T16:10:31Z
143041003,https://github.com/DavyCao/catapult,DavyCao,2018-07-31T16:41:22Z
143041319,https://github.com/DanMorar/front-end-5,DanMorar,2018-07-31T16:44:16Z
143042044,https://github.com/samwilson155/GMBot-Working,samwilson155,2018-07-31T16:51:37Z
143042049,https://github.com/Kemenyfy/rock-paper-scissors,Kemenyfy,2018-07-31T16:51:40Z
143042171,https://github.com/getPoland/acid-html,getPoland,2018-07-31T16:52:53Z
143040210,https://github.com/sjain02/kb-api,sjain02,2018-07-31T16:33:44Z
143039934,https://github.com/chase001/workspace,chase001,2018-07-31T16:31:13Z
143042772,https://github.com/pdjohn/pool-game,pdjohn,2018-07-31T16:58:47Z
143040087,https://github.com/lauralucca/myapp,lauralucca,2018-07-31T16:32:32Z
143041839,https://github.com/darshanvyadav/Servlet,darshanvyadav,2018-07-31T16:49:40Z
143039011,https://github.com/cs-fullstack-fall-2018/javascript-classwork5-functions1-bachmanryan,cs-fullstack-fall-2018,2018-07-31T16:22:05Z
143039022,https://github.com/maherhossain/JSON,maherhossain,2018-07-31T16:22:12Z
143037247,https://github.com/yannickferire/beautifoot,yannickferire,2018-07-31T16:05:10Z
143037250,https://github.com/badyun/node-online-test,badyun,2018-07-31T16:05:12Z
143037361,https://github.com/casiez/FittsExperimentNodeJS,casiez,2018-07-31T16:06:14Z
143038685,https://github.com/ku4erenkovictor/projects,ku4erenkovictor,2018-07-31T16:18:49Z
143042549,https://github.com/prakashsaripaka/LabelList-React,prakashsaripaka,2018-07-31T16:56:40Z
143038229,https://github.com/napomd/namotex,napomd,2018-07-31T16:14:37Z
143038240,https://github.com/3553NC3/Quiz,3553NC3,2018-07-31T16:14:42Z
143041149,https://github.com/mohammad-23/React-Weather-App,mohammad-23,2018-07-31T16:42:41Z
143039607,https://github.com/daureslaurent/ListenServerC-,daureslaurent,2018-07-31T16:28:06Z
143042114,https://github.com/dima9917/nodejs-course,dima9917,2018-07-31T16:52:18Z
143042128,https://github.com/lfgtt/calendario,lfgtt,2018-07-31T16:52:28Z
143041873,https://github.com/vandangogna/blockchain-starter-kit-20180731164821163,vandangogna,2018-07-31T16:49:54Z
143042266,https://github.com/DeusMalsith/pangram-js-function,DeusMalsith,2018-07-31T16:54:01Z
143042315,https://github.com/Pherang/d3-choropleth,Pherang,2018-07-31T16:54:23Z
143039371,https://github.com/babson-tamid/final-project,babson-tamid,2018-07-31T16:25:50Z
143040623,https://github.com/StevenGastroSophy/PASSION,StevenGastroSophy,2018-07-31T16:37:45Z
143041528,https://github.com/msolone/rock-paper-scissors,msolone,2018-07-31T16:46:19Z
143041618,https://github.com/mamadtama/nodejs,mamadtama,2018-07-31T16:47:16Z
143041627,https://github.com/aashryap/videoapp,aashryap,2018-07-31T16:47:21Z
143040161,https://github.com/daegren/lhl-ios-jun4-advanced-react-native,daegren,2018-07-31T16:33:17Z
143039195,https://github.com/gregorcox/week_11-day_2-lab,gregorcox,2018-07-31T16:24:04Z
143037053,https://github.com/bpalowski/simon,bpalowski,2018-07-31T16:03:20Z
143037097,https://github.com/coelhobf/Webforms-Angular6,coelhobf,2018-07-31T16:03:41Z
143038860,https://github.com/nchen0/RDBMS-API-Mini,nchen0,2018-07-31T16:20:34Z
143039642,https://github.com/woldena/all-by-myself,woldena,2018-07-31T16:28:21Z
143038513,https://github.com/cs-fullstack-fall-2018/javascript-classwork5-functions1-cmadisonne,cs-fullstack-fall-2018,2018-07-31T16:17:09Z
143037818,https://github.com/AncaManea/PDF-XML-PHP-EXPORT,AncaManea,2018-07-31T16:10:50Z
143041202,https://github.com/tomusemilia/front-end-5,tomusemilia,2018-07-31T16:43:12Z
143038189,https://github.com/theranbrig/address-bloc,theranbrig,2018-07-31T16:14:17Z
143041798,https://github.com/cheerfulghost/Barney-Splat,cheerfulghost,2018-07-31T16:49:15Z
143037949,https://github.com/ivorpad/ivorpad_com,ivorpad,2018-07-31T16:12:02Z
143039076,https://github.com/caribbean-boba/recommender-system-for-news,caribbean-boba,2018-07-31T16:22:44Z
143037196,https://github.com/kiranshuaib/reddit-live,kiranshuaib,2018-07-31T16:04:46Z
143037538,https://github.com/Joey-Robinson/JoeyRobinson,Joey-Robinson,2018-07-31T16:07:52Z
143040725,https://github.com/killtheliterate/diy-di,killtheliterate,2018-07-31T16:38:45Z
143038613,https://github.com/OlgaBezginova/Task_ModifyTable,OlgaBezginova,2018-07-31T16:18:17Z
143041200,https://github.com/mhowardweb/auth-server,mhowardweb,2018-07-31T16:43:11Z
143041218,https://github.com/catalina09/front-end-5,catalina09,2018-07-31T16:43:20Z
143041277,https://github.com/DanielCozma/FrontEndDanielC,DanielCozma,2018-07-31T16:43:51Z
143041371,https://github.com/Davidsamuelespinozahuanca/trabajo2,Davidsamuelespinozahuanca,2018-07-31T16:44:47Z
143042745,https://github.com/pabloturati/backend-gasolineras-vip,pabloturati,2018-07-31T16:58:35Z
143038617,https://github.com/TheDeterminator/RDBMS-API-Mini,TheDeterminator,2018-07-31T16:18:20Z
143038656,https://github.com/filkovskyi/hackernews,filkovskyi,2018-07-31T16:18:36Z
143038719,https://github.com/HansonSchool/ShoppingList,HansonSchool,2018-07-31T16:19:08Z
143038813,https://github.com/shuavaz89/e,shuavaz89,2018-07-31T16:20:08Z
143042182,https://github.com/BTmathic/thai-restaurant,BTmathic,2018-07-31T16:53:01Z
143040557,https://github.com/shtokhamer/AnyGuideItineraries,shtokhamer,2018-07-31T16:37:08Z
143042135,https://github.com/compysando/persephone,compysando,2018-07-31T16:52:32Z
143042151,https://github.com/ncd-io/ncd-i2c-terminal,ncd-io,2018-07-31T16:52:45Z
143041793,https://github.com/byhoson/reactprac,byhoson,2018-07-31T16:49:12Z
143038400,https://github.com/cheerfulghost/Freshwater-Fishing-Simulator,cheerfulghost,2018-07-31T16:16:13Z
143037889,https://github.com/claytonweller/speedback,claytonweller,2018-07-31T16:11:25Z
143037902,https://github.com/drexelapplab/pardonapp,drexelapplab,2018-07-31T16:11:36Z
143040931,https://github.com/WillGuo1992/erp,WillGuo1992,2018-07-31T16:40:36Z
143041053,https://github.com/EnvironG/JC-Bored-Code,EnvironG,2018-07-31T16:41:47Z
143037950,https://github.com/sonikita/neo-tokens-balance-viewer,sonikita,2018-07-31T16:12:02Z
143036758,https://github.com/jcenglish/PairExercise.Node-Shell,jcenglish,2018-07-31T16:00:00Z
143036762,https://github.com/connordittmar/crazy-control,connordittmar,2018-07-31T16:00:05Z
143036774,https://github.com/bummmble/soft-serve,bummmble,2018-07-31T16:00:12Z
143039743,https://github.com/Harjitk/JavaScript-MAP,Harjitk,2018-07-31T16:29:24Z
143039946,https://github.com/Excelthiorrr597/resistor-calculator,Excelthiorrr597,2018-07-31T16:31:20Z
143039987,https://github.com/davidleal123/Insta-clone,davidleal123,2018-07-31T16:31:40Z
143039354,https://github.com/Soundvessel/final-form-reactstrap,Soundvessel,2018-07-31T16:25:41Z
143037724,https://github.com/senorsunday/JiraNotifier,senorsunday,2018-07-31T16:09:49Z
143040055,https://github.com/LMulvey/crispy-pancake,LMulvey,2018-07-31T16:32:18Z
143039351,https://github.com/Sergey-Erofeev/Basics-JavaScript-3.4,Sergey-Erofeev,2018-07-31T16:25:39Z
143037715,https://github.com/renanmoraes/microservice_base_node,renanmoraes,2018-07-31T16:09:45Z
143040504,https://github.com/nathalia-rus/data_structures_1,nathalia-rus,2018-07-31T16:36:35Z
143039021,https://github.com/A-Teamz/miami-tech-cal,A-Teamz,2018-07-31T16:22:11Z
143037253,https://github.com/aboyer3/ReactExpressApp,aboyer3,2018-07-31T16:05:13Z
143037438,https://github.com/alfabc/optionl,alfabc,2018-07-31T16:06:53Z
143041634,https://github.com/compysando/brainfck,compysando,2018-07-31T16:47:24Z
143040320,https://github.com/samircamilo/general,samircamilo,2018-07-31T16:34:43Z
143041225,https://github.com/alexandresbt/domaine-bordenave,alexandresbt,2018-07-31T16:43:24Z
143041227,https://github.com/ralucasahleanu/front-end-5,ralucasahleanu,2018-07-31T16:43:25Z
143040902,https://github.com/fs2danitpavel/fs2.finalproject_g2,fs2danitpavel,2018-07-31T16:40:25Z
143038127,https://github.com/angelinalblyth/Leaflet-Map,angelinalblyth,2018-07-31T16:13:44Z
143036767,https://github.com/CatLibWilk/bamazon-app,CatLibWilk,2018-07-31T16:00:08Z
143036973,https://github.com/gcqs/lesson6,gcqs,2018-07-31T16:02:24Z
143041768,https://github.com/huthmanwale/instanews,huthmanwale,2018-07-31T16:48:55Z
143042395,https://github.com/burlee/NodeJS_mongoDB_restApi,burlee,2018-07-31T16:55:01Z
143037867,https://github.com/idaliaramos/platypost-api,idaliaramos,2018-07-31T16:11:16Z
143037880,https://github.com/viniciusbeckerbernardini/projectAbyss,viniciusbeckerbernardini,2018-07-31T16:11:23Z
143041295,https://github.com/alinacosma/project,alinacosma,2018-07-31T16:44:00Z
143042845,https://github.com/7kms/km7-admin,7kms,2018-07-31T16:59:26Z
143042120,https://github.com/taku689/BasicCG,taku689,2018-07-31T16:52:21Z
143039447,https://github.com/WaneLiu/redbook,WaneLiu,2018-07-31T16:26:35Z
143040190,https://github.com/4high20/a_random_quote_generator-v1,4high20,2018-07-31T16:33:31Z
143039254,https://github.com/InamuraYuta/Fortune,InamuraYuta,2018-07-31T16:24:38Z
143039295,https://github.com/polgAvend/examen-animacion,polgAvend,2018-07-31T16:25:05Z
143038199,https://github.com/botwiki/generative-twitterbot,botwiki,2018-07-31T16:14:22Z
143041841,https://github.com/jpsietsma/MVCFameDocumentAdminDash,jpsietsma,2018-07-31T16:49:41Z
143041938,https://github.com/compysando/fallout,compysando,2018-07-31T16:50:33Z
143038891,https://github.com/cs-fullstack-fall-2018/javascript-classwork5-functions1-jpark1914,cs-fullstack-fall-2018,2018-07-31T16:20:53Z
143037329,https://github.com/stacyharfenist/nodeShell,stacyharfenist,2018-07-31T16:05:56Z
143037384,https://github.com/sergiushub/PS_LG,sergiushub,2018-07-31T16:06:27Z
143037457,https://github.com/QingGo/Guild-Mission,QingGo,2018-07-31T16:07:04Z
143039935,https://github.com/baitanfeng/number-calc,baitanfeng,2018-07-31T16:31:14Z
143042344,https://github.com/csudhtoro/Chattrbox,csudhtoro,2018-07-31T16:54:34Z
143040467,https://github.com/menep/Clocks,menep,2018-07-31T16:36:12Z
143041911,https://github.com/DruzziSlx/ClickerSonic,DruzziSlx,2018-07-31T16:50:17Z
143037658,https://github.com/ByNejdet/adminbot,ByNejdet,2018-07-31T16:09:04Z
143039122,https://github.com/leoyangyuliang/CPSC473_HW7,leoyangyuliang,2018-07-31T16:23:22Z
143037314,https://github.com/eliuponce/Time2,eliuponce,2018-07-31T16:05:44Z
143037379,https://github.com/gandlusn/JS-API,gandlusn,2018-07-31T16:06:26Z
143036844,https://github.com/learn-co-curriculum/boozer-practice-code-challenge,learn-co-curriculum,2018-07-31T16:01:00Z
143038878,https://github.com/Woonkly/quiniela_contract,Woonkly,2018-07-31T16:20:42Z
143042535,https://github.com/GhosticDev/SelfBot,GhosticDev,2018-07-31T16:56:28Z
143042576,https://github.com/agribanov/lection-32-server,agribanov,2018-07-31T16:56:59Z
143042595,https://github.com/WebbWear/rock-paper-scissors,WebbWear,2018-07-31T16:57:08Z
143041583,https://github.com/AFresnedo/pangram,AFresnedo,2018-07-31T16:46:51Z
143037478,https://github.com/moosin76/webpack_react_init,moosin76,2018-07-31T16:07:16Z
143042892,https://github.com/dalves1417/Examen-final2,dalves1417,2018-07-31T16:59:59Z
143040700,https://github.com/rochaproforma/rockpaperscissors,rochaproforma,2018-07-31T16:38:29Z
143038440,https://github.com/mangosing/relish-app,mangosing,2018-07-31T16:16:34Z
143040886,https://github.com/isnicc/Reack-gallery,isnicc,2018-07-31T16:40:17Z
143041213,https://github.com/iop2589/ElectronWithReact,iop2589,2018-07-31T16:43:18Z
143041224,https://github.com/vinczenorbert83/frontend-5,vinczenorbert83,2018-07-31T16:43:22Z
143041296,https://github.com/twistlemonade/Curs-GIT,twistlemonade,2018-07-31T16:44:00Z
143042021,https://github.com/elvahu/trabajo-de-lienzo,elvahu,2018-07-31T16:51:23Z
143039981,https://github.com/elixirhand/WebApis,elixirhand,2018-07-31T16:31:38Z
143042834,https://github.com/cristiano2005reis/vuejs_study,cristiano2005reis,2018-07-31T16:59:20Z
143042842,https://github.com/nikola-pavlov/travelanda,nikola-pavlov,2018-07-31T16:59:25Z
143042141,https://github.com/pitsanujiw/nodestarter,pitsanujiw,2018-07-31T16:52:35Z
143041192,https://github.com/eshull/triangle-tracker-node,eshull,2018-07-31T16:43:06Z
143040299,https://github.com/Nadjakoroleva/kolja,Nadjakoroleva,2018-07-31T16:34:31Z
143038506,https://github.com/cs-fullstack-fall-2018/javascript-classwork5-functions1-R3coTh3Cod3r,cs-fullstack-fall-2018,2018-07-31T16:17:07Z
143037787,https://github.com/foprofile/express-header,foprofile,2018-07-31T16:10:30Z
143040768,https://github.com/SaherAbdelaziz/moviesWebSite,SaherAbdelaziz,2018-07-31T16:39:12Z
143040828,https://github.com/rgomezp/reactNative,rgomezp,2018-07-31T16:39:45Z
143037467,https://github.com/yiqingfeng/weekly-schedule,yiqingfeng,2018-07-31T16:07:11Z
143040627,https://github.com/SKMCanedy/firstmate,SKMCanedy,2018-07-31T16:37:47Z
143039063,https://github.com/quxww1/cookiesession,quxww1,2018-07-31T16:22:34Z
143039091,https://github.com/shanefulmer/pack-one-pick-one,shanefulmer,2018-07-31T16:22:54Z
143037012,https://github.com/johnnyjp2070/Assignments_23.1,johnnyjp2070,2018-07-31T16:02:54Z
143037103,https://github.com/51ding/ex_moive,51ding,2018-07-31T16:03:44Z
143037157,https://github.com/jav1jav/node-shell,jav1jav,2018-07-31T16:04:17Z
143038274,https://github.com/evang522/duo-competition-fe,evang522,2018-07-31T16:14:59Z
143038316,https://github.com/iCJenkins164/marbles-20180731161332109,iCJenkins164,2018-07-31T16:15:22Z
143038447,https://github.com/TheRogueNinja/ReactProject,TheRogueNinja,2018-07-31T16:16:36Z
143038563,https://github.com/cs-fullstack-fall-2018/javascript-classwork5-functions1-noobintheus,cs-fullstack-fall-2018,2018-07-31T16:17:41Z
143037866,https://github.com/Dremkalex/react-movie-db,Dremkalex,2018-07-31T16:11:15Z
143037874,https://github.com/kwikkwik/test,kwikkwik,2018-07-31T16:11:18Z
143042653,https://github.com/believelody/mern_starter,believelody,2018-07-31T16:57:39Z
143039331,https://github.com/andrewpat24/feInterview,andrewpat24,2018-07-31T16:25:29Z
143041360,https://github.com/nneighbo/bamazon-app,nneighbo,2018-07-31T16:44:43Z
143039764,https://github.com/epimorphics/fsa-alerts-alexa,epimorphics,2018-07-31T16:29:38Z
143042864,https://github.com/vzmon1/rockpaperscissor,vzmon1,2018-07-31T16:59:41Z
143042072,https://github.com/praekiko/universal-download-file-cli,praekiko,2018-07-31T16:51:54Z
143041128,https://github.com/compysando/5e-roller,compysando,2018-07-31T16:42:34Z
143041197,https://github.com/ancabalc/front-end-5,ancabalc,2018-07-31T16:43:10Z
143041465,https://github.com/amanotaiga/quiz.io,amanotaiga,2018-07-31T16:45:43Z
143040163,https://github.com/7kms/boilerplate-electron-react,7kms,2018-07-31T16:33:18Z
143040185,https://github.com/heihachi78/javascript-basic,heihachi78,2018-07-31T16:33:30Z
143040388,https://github.com/ingcristiancg/multiplicar-node,ingcristiancg,2018-07-31T16:35:22Z
143042002,https://github.com/yagear/cbpin,yagear,2018-07-31T16:51:14Z
143039596,https://github.com/LuxsThor/Javascript,LuxsThor,2018-07-31T16:28:01Z
143038291,https://github.com/purohitparth/WeatherNow,purohitparth,2018-07-31T16:15:08Z
143038508,https://github.com/cs-fullstack-fall-2018/javascript-classwork5-functions1-ccpace1,cs-fullstack-fall-2018,2018-07-31T16:17:07Z
143037826,https://github.com/haqan/hj-converter-web,haqan,2018-07-31T16:10:53Z
143040775,https://github.com/EdithCutire/Trabajo..final,EdithCutire,2018-07-31T16:39:15Z
143040836,https://github.com/navyakommareddy/pm-dashboard,navyakommareddy,2018-07-31T16:39:51Z
143040994,https://github.com/petergal/fend-test-suites-ud549,petergal,2018-07-31T16:41:17Z
143041028,https://github.com/RyanHill92/journal-app,RyanHill92,2018-07-31T16:41:33Z
143039730,https://github.com/johnykary/node-course-2-todo-api,johnykary,2018-07-31T16:29:13Z
143041821,https://github.com/nimazsheik/etch-a-sketch,nimazsheik,2018-07-31T16:49:31Z
143041864,https://github.com/compysando/quick-start,compysando,2018-07-31T16:49:50Z
143041881,https://github.com/FS2Group2/peddle,FS2Group2,2018-07-31T16:49:59Z
143037604,https://github.com/GeniusDock/predicates-blockly,GeniusDock,2018-07-31T16:08:32Z
143038968,https://github.com/cs-fullstack-fall-2018/javascript-classwork5-functions1-rgreen32,cs-fullstack-fall-2018,2018-07-31T16:21:42Z
143037205,https://github.com/targos/adonis-playground,targos,2018-07-31T16:04:51Z
143037249,https://github.com/MaricaAdrian/PDF-XML-PHP-EXPORT,MaricaAdrian,2018-07-31T16:05:11Z
143037303,https://github.com/Peixe10/Aula-502,Peixe10,2018-07-31T16:05:40Z
143037311,https://github.com/Ponseelan/nodejs,Ponseelan,2018-07-31T16:05:44Z
143036893,https://github.com/ernir7/Project_1,ernir7,2018-07-31T16:01:33Z
143037060,https://github.com/andres-rios/react-ssr-example,andres-rios,2018-07-31T16:03:22Z
143038673,https://github.com/zengguangzhong/jwt,zengguangzhong,2018-07-31T16:18:45Z
143038801,https://github.com/cs-fullstack-fall-2018/javascript-classwork5-functions1-psanon19,cs-fullstack-fall-2018,2018-07-31T16:19:58Z
143037214,https://github.com/hookydev/taskbox-app,hookydev,2018-07-31T16:04:54Z
143042099,https://github.com/hamdihudle/Bamazon,hamdihudle,2018-07-31T16:52:07Z
143041780,https://github.com/VladislavLo/React-Redux,VladislavLo,2018-07-31T16:49:01Z
143039273,https://github.com/notzain/moonrune-bot,notzain,2018-07-31T16:24:51Z
143039328,https://github.com/koyo72-4/chat-client-chat-server,koyo72-4,2018-07-31T16:25:27Z
143038405,https://github.com/jappareti/craigslist-price-histogram,jappareti,2018-07-31T16:16:15Z
143038555,https://github.com/FranciscoPinho/vg-ocean,FranciscoPinho,2018-07-31T16:17:37Z
143038574,https://github.com/pnylon/node-chat,pnylon,2018-07-31T16:17:51Z
143037893,https://github.com/KatieFrey/node-shell,KatieFrey,2018-07-31T16:11:27Z
143040791,https://github.com/cheerfulghost/Dont-Wake-The-Sysop,cheerfulghost,2018-07-31T16:39:22Z
143041259,https://github.com/nobody5050/liftionweb,nobody5050,2018-07-31T16:43:38Z
143042337,https://github.com/theabhishekmandal/Nodejs,theabhishekmandal,2018-07-31T16:54:32Z
143042649,https://github.com/R4ph-t/myslq-data-algolia-js-client,R4ph-t,2018-07-31T16:57:38Z
143042662,https://github.com/mboliva/camara,mboliva,2018-07-31T16:57:43Z
143038918,https://github.com/aselleq/node-shell,aselleq,2018-07-31T16:21:13Z
143038965,https://github.com/cs-fullstack-fall-2018/javascript-classwork5-functions1-CalebC94,cs-fullstack-fall-2018,2018-07-31T16:21:40Z
143038888,https://github.com/TheDeterminator/RDBMS-API-Full,TheDeterminator,2018-07-31T16:20:51Z
143042259,https://github.com/bufferapp/minimum-review-bot,bufferapp,2018-07-31T16:53:56Z
143041034,https://github.com/thezedwards/Qchain-web-backend,thezedwards,2018-07-31T16:41:37Z
143042068,https://github.com/SpencerBillings/spbischedule,SpencerBillings,2018-07-31T16:51:52Z
143041808,https://github.com/hyperlab/react-sync-suspense,hyperlab,2018-07-31T16:49:22Z
143042461,https://github.com/lico/jFixer-demo,lico,2018-07-31T16:55:36Z
143037863,https://github.com/A-Mitch/TranceSoundboard,A-Mitch,2018-07-31T16:11:14Z
143041080,https://github.com/high-u/picopaas,high-u,2018-07-31T16:42:02Z
143039481,https://github.com/congvu307/Kimeco,congvu307,2018-07-31T16:26:54Z
143037588,https://github.com/shazic/Image-Preview,shazic,2018-07-31T16:08:20Z
143042202,https://github.com/magdalenamandat/Top_Trumps_js_game,magdalenamandat,2018-07-31T16:53:19Z
143042261,https://github.com/mohammad-23/React-Book-List,mohammad-23,2018-07-31T16:53:57Z
143039833,https://github.com/jonbonto/react-jsonplaceholder,jonbonto,2018-07-31T16:30:21Z
143041535,https://github.com/Lorica7/bamazon,Lorica7,2018-07-31T16:46:23Z
143038707,https://github.com/zhadyrassyn/notes-node,zhadyrassyn,2018-07-31T16:19:00Z
143038302,https://github.com/daysho32/examen-final-1,daysho32,2018-07-31T16:15:14Z
143038515,https://github.com/cantoraman/JavaScriptTDDExercise,cantoraman,2018-07-31T16:17:10Z
143038564,https://github.com/antikytheraton/formatDate,antikytheraton,2018-07-31T16:17:42Z
143040513,https://github.com/MarvinSmoke/testproject,MarvinSmoke,2018-07-31T16:36:41Z
143038989,https://github.com/Nadjakoroleva/vika,Nadjakoroleva,2018-07-31T16:21:50Z
143039040,https://github.com/Adobe-Android/electron-percent-calculator,Adobe-Android,2018-07-31T16:22:23Z
143039214,https://github.com/KanzariAmine/Component-Life-Cycle,KanzariAmine,2018-07-31T16:24:17Z
143041270,https://github.com/crisankarina/codeanywhere,crisankarina,2018-07-31T16:43:45Z
143037920,https://github.com/iw16b/lesson8_ajax,iw16b,2018-07-31T16:11:46Z
143038144,https://github.com/tgreenhalgh/RDBMS-API-Mini,tgreenhalgh,2018-07-31T16:13:55Z
143038157,https://github.com/maddycr13/Sample-Code,maddycr13,2018-07-31T16:14:04Z
143042234,https://github.com/shashikantpathak/CLI,shashikantpathak,2018-07-31T16:53:37Z
143040511,https://github.com/Na-Ya/Portfolio,Na-Ya,2018-07-31T16:36:40Z
143039128,https://github.com/AbhineetSinghh/Todo-Maker,AbhineetSinghh,2018-07-31T16:23:25Z
143037282,https://github.com/btardio/encore-swarm,btardio,2018-07-31T16:05:29Z
143037841,https://github.com/cec577/react-app,cec577,2018-07-31T16:11:04Z
143037879,https://github.com/viniciusvelasco/estudo-adonis,viniciusvelasco,2018-07-31T16:11:23Z
143037906,https://github.com/Grintsys/CMS-Backend,Grintsys,2018-07-31T16:11:38Z
143037620,https://github.com/donatho/dojo-406,donatho,2018-07-31T16:08:39Z
143042615,https://github.com/Archived-Work-CodeFellows/Lab41-MVC5,Archived-Work-CodeFellows,2018-07-31T16:57:18Z
143042646,https://github.com/Goaty89/rea-robot,Goaty89,2018-07-31T16:57:36Z
143041668,https://github.com/fragm3/React-tree,fragm3,2018-07-31T16:47:43Z
143040285,https://github.com/Awais-cb/Vuejs-intro,Awais-cb,2018-07-31T16:34:23Z
143041976,https://github.com/jonathangoncalves/GameOfLifeJS,jonathangoncalves,2018-07-31T16:50:56Z
143041987,https://github.com/naveenan18/CMSCartapp,naveenan18,2018-07-31T16:51:04Z
143041285,https://github.com/compysando/yugioh,compysando,2018-07-31T16:43:55Z
143036791,https://github.com/diankhismaw/learn-react,diankhismaw,2018-07-31T16:00:26Z
143040108,https://github.com/alexandrejuk/stock-example,alexandrejuk,2018-07-31T16:32:43Z
143039405,https://github.com/Team-Motherland/rolltop-server,Team-Motherland,2018-07-31T16:26:08Z
143039658,https://github.com/CClight07/My-Final,CClight07,2018-07-31T16:28:29Z
143038967,https://github.com/doaashafik/Restaurant-Reviews,doaashafik,2018-07-31T16:21:42Z
143041592,https://github.com/tkers/ecs,tkers,2018-07-31T16:46:57Z
143041655,https://github.com/orangeGoran/ScrapperForNMT,orangeGoran,2018-07-31T16:47:36Z
143041933,https://github.com/chris-packett/rock-paper-scissors,chris-packett,2018-07-31T16:50:32Z
143042245,https://github.com/rosman21/ReactJS-Boilerplate,rosman21,2018-07-31T16:53:43Z
143040039,https://github.com/raszta/Footbal-game,raszta,2018-07-31T16:32:08Z
143037203,https://github.com/atlc/JavaScript-Console-Resume,atlc,2018-07-31T16:04:49Z
143037318,https://github.com/gustavoferrarigranero/pagai,gustavoferrarigranero,2018-07-31T16:05:50Z
143037009,https://github.com/prettysammy/prettysammy.github.io,prettysammy,2018-07-31T16:02:52Z
143037104,https://github.com/kevinwong197/launch-chat,kevinwong197,2018-07-31T16:03:46Z
143041760,https://github.com/matextrem/WebDriverIO-example,matextrem,2018-07-31T16:48:50Z
143042393,https://github.com/parvathyvd/forkify-final,parvathyvd,2018-07-31T16:55:00Z
143040683,https://github.com/dmichaux/crypto-update,dmichaux,2018-07-31T16:38:13Z
143039712,https://github.com/Fentroid/TreeThing,Fentroid,2018-07-31T16:29:03Z
143037764,https://github.com/VIP-MUN/VIP-MUN.github.io,VIP-MUN,2018-07-31T16:10:10Z
143040122,https://github.com/MasonCable/react-to-do-list,MasonCable,2018-07-31T16:32:47Z
143040496,https://github.com/petergal/fend-builds-ud892,petergal,2018-07-31T16:36:31Z
143040546,https://github.com/ncalibey/grocery_list,ncalibey,2018-07-31T16:37:00Z
143040573,https://github.com/NCMoseley/ExpressClient,NCMoseley,2018-07-31T16:37:21Z
143039169,https://github.com/118396/pikachu-demo,118396,2018-07-31T16:23:49Z
143039374,https://github.com/sirichards/gatsby-starter-netlify-cms,sirichards,2018-07-31T16:25:51Z
143042532,https://github.com/rusticpenguin/expressSetup,rusticpenguin,2018-07-31T16:56:24Z
143042738,https://github.com/leviboenish/serve-data-drill-1,leviboenish,2018-07-31T16:58:29Z
143041519,https://github.com/bibikhadiza/author-quiz-game-,bibikhadiza,2018-07-31T16:46:12Z
143039293,https://github.com/johnbarbic/loopback-discovery-example,johnbarbic,2018-07-31T16:25:04Z
143039832,https://github.com/chowsGh/note,chowsGh,2018-07-31T16:30:20Z
143039838,https://github.com/awslego/crowdfunding,awslego,2018-07-31T16:30:24Z
143039886,https://github.com/Dabbous1/Innopay-Project-180717A-DCOT-Consumer,Dabbous1,2018-07-31T16:30:47Z
143037288,https://github.com/anansasdsa/share-bot,anansasdsa,2018-07-31T16:05:31Z
143036945,https://github.com/Walikrence/tetris,Walikrence,2018-07-31T16:02:06Z
143042882,https://github.com/MattHuston1/ServeData1,MattHuston1,2018-07-31T16:59:53Z
143037152,https://github.com/roypeled/april-18-users-list,roypeled,2018-07-31T16:04:12Z
143038319,https://github.com/daros10/ServerSails-ProyectoFinalMoviles,daros10,2018-07-31T16:15:22Z
143038381,https://github.com/donatho/exemplo-mongodb,donatho,2018-07-31T16:16:02Z
143038512,https://github.com/cs-fullstack-fall-2018/javascript-classwork5-functions1-cgarciapieto,cs-fullstack-fall-2018,2018-07-31T16:17:09Z
143037786,https://github.com/norisiro/django_vue_sample,norisiro,2018-07-31T16:10:28Z
143037903,https://github.com/topadengue/denguechat-pwa,topadengue,2018-07-31T16:11:36Z
143040837,https://github.com/ali-hdr/Softgames_javascriptTest,ali-hdr,2018-07-31T16:39:51Z
143042023,https://github.com/codeandlove/piotrmakowski.eu,codeandlove,2018-07-31T16:51:23Z
143042138,https://github.com/Sakhro/simple-react-portfolio,Sakhro,2018-07-31T16:52:34Z
143042388,https://github.com/amritms/simple-redux,amritms,2018-07-31T16:54:56Z
143042470,https://github.com/bhavananagabandi/weather-report,bhavananagabandi,2018-07-31T16:55:41Z
143042505,https://github.com/end1989/doughnutsserverdrill1,end1989,2018-07-31T16:56:02Z
143041180,https://github.com/kamriwhite/Birthday,kamriwhite,2018-07-31T16:42:57Z
143041188,https://github.com/Dan-Y-Ko/youtubeClone,Dan-Y-Ko,2018-07-31T16:43:04Z
143041217,https://github.com/victorbanaru/front-end-5,victorbanaru,2018-07-31T16:43:19Z
143041315,https://github.com/apetrisor1/apetrisor1.github.io,apetrisor1,2018-07-31T16:44:11Z
143040675,https://github.com/frozenfroggie/Snake,frozenfroggie,2018-07-31T16:38:09Z
143042368,https://github.com/elderz6/verbose-pancake,elderz6,2018-07-31T16:54:42Z
143042400,https://github.com/rodrijuarez/testing-next,rodrijuarez,2018-07-31T16:55:02Z
143042490,https://github.com/WilliamJones62/product_claims,WilliamJones62,2018-07-31T16:55:52Z
143039690,https://github.com/jstaudt/ask-lamda-template,jstaudt,2018-07-31T16:28:49Z
143040853,https://github.com/antoniomourao/capture,antoniomourao,2018-07-31T16:39:59Z
143040966,https://github.com/xaamin/react-native-training,xaamin,2018-07-31T16:40:57Z
143041046,https://github.com/thinkful-ei21/BST-joseph,thinkful-ei21,2018-07-31T16:41:43Z
143038594,https://github.com/iwarsong/apt,iwarsong,2018-07-31T16:18:05Z
143041179,https://github.com/robertcsaszar/front-end-5,robertcsaszar,2018-07-31T16:42:57Z
143039835,https://github.com/lovizotto/mirumtest,lovizotto,2018-07-31T16:30:22Z
143039847,https://github.com/DojoDrills/webfun-assignment-landscape,DojoDrills,2018-07-31T16:30:30Z
143042545,https://github.com/mdmubarak/processing_kemi,mdmubarak,2018-07-31T16:56:37Z
143042782,https://github.com/piedras77/eureka,piedras77,2018-07-31T16:58:54Z
143040315,https://github.com/themanchovie/memory-game,themanchovie,2018-07-31T16:34:40Z
143037290,https://github.com/Rozeh/VeDa,Rozeh,2018-07-31T16:05:32Z
143037299,https://github.com/mjbuchman/world-clocks,mjbuchman,2018-07-31T16:05:37Z
143037004,https://github.com/Henelllis/game-of-life,Henelllis,2018-07-31T16:02:47Z
143037023,https://github.com/thedov1s/vampire-bot,thedov1s,2018-07-31T16:03:02Z
143038664,https://github.com/DolceLemus/xhr-project-demo-api-NYT,DolceLemus,2018-07-31T16:18:41Z
143042263,https://github.com/Davidsamuelespinozahuanca/trabajo3,Davidsamuelespinozahuanca,2018-07-31T16:53:57Z
143039420,https://github.com/qaemail01/test,qaemail01,2018-07-31T16:26:19Z
143037704,https://github.com/sod/fuse-box-watcher-issue,sod,2018-07-31T16:09:37Z
143037721,https://github.com/abczdefg/zepto-analysis,abczdefg,2018-07-31T16:09:49Z
143037525,https://github.com/oscar-corredor/react-todo,oscar-corredor,2018-07-31T16:07:47Z